
0.00333916
0.0100175
0.0166959
0.0233743
0.0300527
0.0367311
0.0434094
0.0500878
0.0567662
0.0634446
0.070123
0.0768014
0.0834798
0.0901581
0.0968365
0.103515
0.110193
0.116872
0.12355
0.130228
0.136907
0.143585
0.150264
0.156942
0.16362
0.170299
0.176977
0.183655
0.190333
0.197012
0.20369
0.210368
0.217046
0.223724
0.230401
0.237079
0.243756
0.250432
0.257109
0.263784
0.270459
0.277133
0.283806
0.290477
0.297147
0.303815
0.310481
0.317145
0.323806
0.330463
0.337118
0.34377
0.350418
0.357062
0.363704
0.370342
0.376977
0.38361
0.390242
0.396872
0.403502
0.410132
0.416764
0.423399
0.430036
0.436678
0.443323
0.449974
0.45663
0.463292
0.469958
0.476629
0.483303
0.489981
0.49666
0.50334
0.510019
0.516697
0.523371
0.530042
0.536708
0.54337
0.550026
0.556677
0.563322
0.569964
0.576601
0.583236
0.589868
0.596498
0.603128
0.609758
0.61639
0.623023
0.629658
0.636296
0.642938
0.649582
0.65623
0.662882
0.669537
0.676194
0.682855
0.689519
0.696185
0.702853
0.709523
0.716194
0.722867
0.729541
0.736216
0.742891
0.749568
0.756244
0.762921
0.769599
0.776276
0.782954
0.789632
0.79631
0.802988
0.809667
0.816345
0.823023
0.829701
0.83638
0.843058
0.849736
0.856415
0.863093
0.869772
0.87645
0.883128
0.889807
0.896485
0.903163
0.909842
0.91652
0.923199
0.929877
0.936555
0.943234
0.949912
0.956591
0.963269
0.969947
0.976626
0.983304
0.989982
0.996661
0.00333916
0.0100175
0.0166959
0.0233743
0.0300527
0.0367311
0.0434094
0.0500878
0.0567662
0.0634446
0.070123
0.0768014
0.0834798
0.0901581
0.0968365
0.103515
0.110193
0.116872
0.12355
0.130228
0.136907
0.143585
0.150264
0.156942
0.16362
0.170299
0.176977
0.183655
0.190333
0.197012
0.20369
0.210368
0.217046
0.223724
0.230401
0.237079
0.243756
0.250432
0.257109
0.263784
0.270459
0.277133
0.283806
0.290477
0.297147
0.303815
0.310481
0.317145
0.323806
0.330463
0.337118
0.34377
0.350418
0.357062
0.363704
0.370342
0.376977
0.38361
0.390242
0.396872
0.403502
0.410132
0.416764
0.423399
0.430036
0.436678
0.443323
0.449974
0.45663
0.463292
0.469958
0.476629
0.483303
0.489981
0.49666
0.50334
0.510019
0.516697
0.523371
0.530042
0.536708
0.54337
0.550026
0.556677
0.563322
0.569964
0.576601
0.583236
0.589868
0.596498
0.603128
0.609758
0.61639
0.623023
0.629658
0.636296
0.642938
0.649582
0.65623
0.662882
0.669537
0.676194
0.682855
0.689519
0.696185
0.702853
0.709523
0.716194
0.722867
0.729541
0.736216
0.742891
0.749568
0.756244
0.762921
0.769599
0.776276
0.782954
0.789632
0.79631
0.802988
0.809667
0.816345
0.823023
0.829701
0.83638
0.843058
0.849736
0.856415
0.863093
0.869772
0.87645
0.883128
0.889807
0.896485
0.903163
0.909842
0.91652
0.923199
0.929877
0.936555
0.943234
0.949912
0.956591
0.963269
0.969947
0.976626
0.983304
0.989982
0.996661
0.00333916
0.0100175
0.0166959
0.0233743
0.0300527
0.0367311
0.0434094
0.0500878
0.0567662
0.0634446
0.070123
0.0768014
0.0834798
0.0901581
0.0968365
0.103515
0.110193
0.116872
0.12355
0.130228
0.136907
0.143585
0.150264
0.156942
0.16362
0.170299
0.176977
0.183655
0.190333
0.197012
0.20369
0.210368
0.217046
0.223724
0.230401
0.237079
0.243756
0.250432
0.257109
0.263784
0.270459
0.277133
0.283806
0.290477
0.297147
0.303815
0.310481
0.317145
0.323806
0.330463
0.337118
0.34377
0.350418
0.357062
0.363704
0.370342
0.376977
0.38361
0.390242
0.396872
0.403502
0.410132
0.416764
0.423399
0.430036
0.436678
0.443323
0.449974
0.45663
0.463292
0.469958
0.476629
0.483303
0.489981
0.49666
0.50334
0.510019
0.516697
0.523371
0.530042
0.536708
0.54337
0.550026
0.556677
0.563322
0.569964
0.576601
0.583236
0.589868
0.596498
0.603128
0.609758
0.61639
0.623023
0.629658
0.636296
0.642938
0.649582
0.65623
0.662882
0.669537
0.676194
0.682855
0.689519
0.696185
0.702853
0.709523
0.716194
0.722867
0.729541
0.736216
0.742891
0.749568
0.756244
0.762921
0.769599
0.776276
0.782954
0.789632
0.79631
0.802988
0.809667
0.816345
0.823023
0.829701
0.83638
0.843058
0.849736
0.856415
0.863093
0.869772
0.87645
0.883128
0.889807
0.896485
0.903163
0.909842
0.91652
0.923199
0.929877
0.936555
0.943234
0.949912
0.956591
0.963269
0.969947
0.976626
0.983304
0.989982
0.996661
0.00333916
0.0100175
0.0166959
0.0233743
0.0300527
0.0367311
0.0434094
0.0500878
0.0567662
0.0634446
0.070123
0.0768014
0.0834798
0.0901581
0.0968365
0.103515
0.110193
0.116872
0.12355
0.130228
0.136907
0.143585
0.150264
0.156942
0.16362
0.170299
0.176977
0.183655
0.190333
0.197012
0.20369
0.210368
0.217046
0.223724
0.230401
0.237079
0.243756
0.250432
0.257109
0.263784
0.270459
0.277133
0.283806
0.290477
0.297147
0.303815
0.310481
0.317145
0.323806
0.330463
0.337118
0.34377
0.350418
0.357062
0.363704
0.370342
0.376977
0.38361
0.390242
0.396872
0.403502
0.410132
0.416764
0.423399
0.430036
0.436678
0.443323
0.449974
0.45663
0.463292
0.469958
0.476629
0.483303
0.489981
0.49666
0.50334
0.510019
0.516697
0.523371
0.530042
0.536708
0.54337
0.550026
0.556677
0.563322
0.569964
0.576601
0.583236
0.589868
0.596498
0.603128
0.609758
0.61639
0.623023
0.629658
0.636296
0.642938
0.649582
0.65623
0.662882
0.669537
0.676194
0.682855
0.689519
0.696185
0.702853
0.709523
0.716194
0.722867
0.729541
0.736216
0.742891
0.749568
0.756244
0.762921
0.769599
0.776276
0.782954
0.789632
0.79631
0.802988
0.809667
0.816345
0.823023
0.829701
0.83638
0.843058
0.849736
0.856415
0.863093
0.869772
0.87645
0.883128
0.889807
0.896485
0.903163
0.909842
0.91652
0.923199
0.929877
0.936555
0.943234
0.949912
0.956591
0.963269
0.969947
0.976626
0.983304
0.989982
0.996661
0.00333916
0.0100175
0.0166959
0.0233743
0.0300527
0.0367311
0.0434094
0.0500878
0.0567662
0.0634446
0.070123
0.0768014
0.0834798
0.0901581
0.0968365
0.103515
0.110193
0.116872
0.12355
0.130228
0.136907
0.143585
0.150264
0.156942
0.16362
0.170299
0.176977
0.183655
0.190333
0.197012
0.20369
0.210368
0.217046
0.223724
0.230401
0.237079
0.243756
0.250432
0.257109
0.263784
0.270459
0.277133
0.283806
0.290477
0.297147
0.303815
0.310481
0.317145
0.323806
0.330463
0.337118
0.34377
0.350418
0.357062
0.363704
0.370342
0.376977
0.38361
0.390242
0.396872
0.403502
0.410132
0.416764
0.423399
0.430036
0.436678
0.443323
0.449974
0.45663
0.463292
0.469958
0.476629
0.483303
0.489981
0.49666
0.50334
0.510019
0.516697
0.523371
0.530042
0.536708
0.54337
0.550026
0.556677
0.563322
0.569964
0.576601
0.583236
0.589868
0.596498
0.603128
0.609758
0.61639
0.623023
0.629658
0.636296
0.642938
0.649582
0.65623
0.662882
0.669537
0.676194
0.682855
0.689519
0.696185
0.702853
0.709523
0.716194
0.722867
0.729541
0.736216
0.742891
0.749568
0.756244
0.762921
0.769599
0.776276
0.782954
0.789632
0.79631
0.802988
0.809667
0.816345
0.823023
0.829701
0.83638
0.843058
0.849736
0.856415
0.863093
0.869772
0.87645
0.883128
0.889807
0.896485
0.903163
0.909842
0.91652
0.923199
0.929877
0.936555
0.943234
0.949912
0.956591
0.963269
0.969947
0.976626
0.983304
0.989982
0.996661
0.00333916
0.0100175
0.0166959
0.0233743
0.0300527
0.0367311
0.0434094
0.0500878
0.0567662
0.0634446
0.070123
0.0768014
0.0834798
0.0901581
0.0968365
0.103515
0.110193
0.116872
0.12355
0.130228
0.136907
0.143585
0.150264
0.156942
0.16362
0.170299
0.176977
0.183655
0.190333
0.197012
0.20369
0.210368
0.217046
0.223724
0.230401
0.237079
0.243756
0.250432
0.257109
0.263784
0.270459
0.277133
0.283806
0.290477
0.297147
0.303815
0.310481
0.317145
0.323806
0.330463
0.337118
0.34377
0.350418
0.357062
0.363704
0.370342
0.376977
0.38361
0.390242
0.396872
0.403502
0.410132
0.416764
0.423399
0.430036
0.436678
0.443323
0.449974
0.45663
0.463292
0.469958
0.476629
0.483303
0.489981
0.49666
0.50334
0.510019
0.516697
0.523371
0.530042
0.536708
0.54337
0.550026
0.556677
0.563322
0.569964
0.576601
0.583236
0.589868
0.596498
0.603128
0.609758
0.61639
0.623023
0.629658
0.636296
0.642938
0.649582
0.65623
0.662882
0.669537
0.676194
0.682855
0.689519
0.696185
0.702853
0.709523
0.716194
0.722867
0.729541
0.736216
0.742891
0.749568
0.756244
0.762921
0.769599
0.776276
0.782954
0.789632
0.79631
0.802988
0.809667
0.816345
0.823023
0.829701
0.83638
0.843058
0.849736
0.856415
0.863093
0.869772
0.87645
0.883128
0.889807
0.896485
0.903163
0.909842
0.91652
0.923199
0.929877
0.936555
0.943234
0.949912
0.956591
0.963269
0.969947
0.976626
0.983304
0.989982
0.996661
0.00333916
0.0100175
0.0166959
0.0233743
0.0300527
0.0367311
0.0434094
0.0500878
0.0567662
0.0634446
0.070123
0.0768014
0.0834798
0.0901581
0.0968365
0.103515
0.110193
0.116872
0.12355
0.130228
0.136907
0.143585
0.150264
0.156942
0.16362
0.170299
0.176977
0.183655
0.190333
0.197012
0.20369
0.210368
0.217046
0.223724
0.230401
0.237079
0.243756
0.250432
0.257109
0.263784
0.270459
0.277133
0.283806
0.290477
0.297147
0.303815
0.310481
0.317145
0.323806
0.330463
0.337118
0.34377
0.350418
0.357062
0.363704
0.370342
0.376977
0.38361
0.390242
0.396872
0.403502
0.410132
0.416764
0.423399
0.430036
0.436678
0.443323
0.449974
0.45663
0.463292
0.469958
0.476629
0.483303
0.489981
0.49666
0.50334
0.510019
0.516697
0.523371
0.530042
0.536708
0.54337
0.550026
0.556677
0.563322
0.569964
0.576601
0.583236
0.589868
0.596498
0.603128
0.609758
0.61639
0.623023
0.629658
0.636296
0.642938
0.649582
0.65623
0.662882
0.669537
0.676194
0.682855
0.689519
0.696185
0.702853
0.709523
0.716194
0.722867
0.729541
0.736216
0.742891
0.749568
0.756244
0.762921
0.769599
0.776276
0.782954
0.789632
0.79631
0.802988
0.809667
0.816345
0.823023
0.829701
0.83638
0.843058
0.849736
0.856415
0.863093
0.869772
0.87645
0.883128
0.889807
0.896485
0.903163
0.909842
0.91652
0.923199
0.929877
0.936555
0.943234
0.949912
0.956591
0.963269
0.969947
0.976626
0.983304
0.989982
0.996661
0.00333916
0.0100175
0.0166959
0.0233743
0.0300527
0.0367311
0.0434094
0.0500878
0.0567662
0.0634446
0.070123
0.0768014
0.0834798
0.0901581
0.0968365
0.103515
0.110193
0.116872
0.12355
0.130228
0.136907
0.143585
0.150264
0.156942
0.16362
0.170299
0.176977
0.183655
0.190333
0.197012
0.20369
0.210368
0.217046
0.223724
0.230401
0.237079
0.243756
0.250432
0.257109
0.263784
0.270459
0.277133
0.283806
0.290477
0.297147
0.303815
0.310481
0.317145
0.323806
0.330463
0.337118
0.34377
0.350418
0.357062
0.363704
0.370342
0.376977
0.38361
0.390242
0.396872
0.403502
0.410132
0.416764
0.423399
0.430036
0.436678
0.443323
0.449974
0.45663
0.463292
0.469958
0.476629
0.483303
0.489981
0.49666
0.50334
0.510019
0.516697
0.523371
0.530042
0.536708
0.54337
0.550026
0.556677
0.563322
0.569964
0.576601
0.583236
0.589868
0.596498
0.603128
0.609758
0.61639
0.623023
0.629658
0.636296
0.642938
0.649582
0.65623
0.662882
0.669537
0.676194
0.682855
0.689519
0.696185
0.702853
0.709523
0.716194
0.722867
0.729541
0.736216
0.742891
0.749568
0.756244
0.762921
0.769599
0.776276
0.782954
0.789632
0.79631
0.802988
0.809667
0.816345
0.823023
0.829701
0.83638
0.843058
0.849736
0.856415
0.863093
0.869772
0.87645
0.883128
0.889807
0.896485
0.903163
0.909842
0.91652
0.923199
0.929877
0.936555
0.943234
0.949912
0.956591
0.963269
0.969947
0.976626
0.983304
0.989982
0.996661
0.00333916
0.0100175
0.0166959
0.0233743
0.0300527
0.0367311
0.0434094
0.0500878
0.0567662
0.0634446
0.070123
0.0768014
0.0834798
0.0901581
0.0968365
0.103515
0.110193
0.116872
0.12355
0.130228
0.136907
0.143585
0.150264
0.156942
0.16362
0.170299
0.176977
0.183655
0.190333
0.197012
0.20369
0.210368
0.217046
0.223724
0.230401
0.237079
0.243756
0.250432
0.257109
0.263784
0.270459
0.277133
0.283806
0.290477
0.297147
0.303815
0.310481
0.317145
0.323806
0.330463
0.337118
0.34377
0.350418
0.357062
0.363704
0.370342
0.376977
0.38361
0.390242
0.396872
0.403502
0.410132
0.416764
0.423399
0.430036
0.436678
0.443323
0.449974
0.45663
0.463292
0.469958
0.476629
0.483303
0.489981
0.49666
0.50334
0.510019
0.516697
0.523371
0.530042
0.536708
0.54337
0.550026
0.556677
0.563322
0.569964
0.576601
0.583236
0.589868
0.596498
0.603128
0.609758
0.61639
0.623023
0.629658
0.636296
0.642938
0.649582
0.65623
0.662882
0.669537
0.676194
0.682855
0.689519
0.696185
0.702853
0.709523
0.716194
0.722867
0.729541
0.736216
0.742891
0.749568
0.756244
0.762921
0.769599
0.776276
0.782954
0.789632
0.79631
0.802988
0.809667
0.816345
0.823023
0.829701
0.83638
0.843058
0.849736
0.856415
0.863093
0.869772
0.87645
0.883128
0.889807
0.896485
0.903163
0.909842
0.91652
0.923199
0.929877
0.936555
0.943234
0.949912
0.956591
0.963269
0.969947
0.976626
0.983304
0.989982
0.996661
0.00333916
0.0100175
0.0166959
0.0233743
0.0300527
0.0367311
0.0434094
0.0500878
0.0567662
0.0634446
0.070123
0.0768014
0.0834798
0.0901581
0.0968365
0.103515
0.110193
0.116872
0.12355
0.130228
0.136907
0.143585
0.150264
0.156942
0.16362
0.170299
0.176977
0.183655
0.190333
0.197012
0.20369
0.210368
0.217046
0.223724
0.230401
0.237079
0.243756
0.250432
0.257109
0.263784
0.270459
0.277133
0.283806
0.290477
0.297147
0.303815
0.310481
0.317145
0.323806
0.330463
0.337118
0.34377
0.350418
0.357062
0.363704
0.370342
0.376977
0.38361
0.390242
0.396872
0.403502
0.410132
0.416764
0.423399
0.430036
0.436678
0.443323
0.449974
0.45663
0.463292
0.469958
0.476629
0.483303
0.489981
0.49666
0.50334
0.510019
0.516697
0.523371
0.530042
0.536708
0.54337
0.550026
0.556677
0.563322
0.569964
0.576601
0.583236
0.589868
0.596498
0.603128
0.609758
0.61639
0.623023
0.629658
0.636296
0.642938
0.649582
0.65623
0.662882
0.669537
0.676194
0.682855
0.689519
0.696185
0.702853
0.709523
0.716194
0.722867
0.729541
0.736216
0.742891
0.749568
0.756244
0.762921
0.769599
0.776276
0.782954
0.789632
0.79631
0.802988
0.809667
0.816345
0.823023
0.829701
0.83638
0.843058
0.849736
0.856415
0.863093
0.869772
0.87645
0.883128
0.889807
0.896485
0.903163
0.909842
0.91652
0.923199
0.929877
0.936555
0.943234
0.949912
0.956591
0.963269
0.969947
0.976626
0.983304
0.989982
0.996661
0.00333916
0.0100175
0.0166959
0.0233743
0.0300527
0.0367311
0.0434094
0.0500878
0.0567662
0.0634446
0.070123
0.0768014
0.0834798
0.0901581
0.0968365
0.103515
0.110193
0.116872
0.12355
0.130228
0.136907
0.143585
0.150264
0.156942
0.16362
0.170299
0.176977
0.183655
0.190333
0.197012
0.20369
0.210368
0.217046
0.223724
0.230401
0.237079
0.243756
0.250432
0.257109
0.263784
0.270459
0.277133
0.283806
0.290477
0.297147
0.303815
0.310481
0.317145
0.323806
0.330463
0.337118
0.34377
0.350418
0.357062
0.363704
0.370342
0.376977
0.38361
0.390242
0.396872
0.403502
0.410132
0.416764
0.423399
0.430036
0.436678
0.443323
0.449974
0.45663
0.463292
0.469958
0.476629
0.483303
0.489981
0.49666
0.50334
0.510019
0.516697
0.523371
0.530042
0.536708
0.54337
0.550026
0.556677
0.563322
0.569964
0.576601
0.583236
0.589868
0.596498
0.603128
0.609758
0.61639
0.623023
0.629658
0.636296
0.642938
0.649582
0.65623
0.662882
0.669537
0.676194
0.682855
0.689519
0.696185
0.702853
0.709523
0.716194
0.722867
0.729541
0.736216
0.742891
0.749568
0.756244
0.762921
0.769599
0.776276
0.782954
0.789632
0.79631
0.802988
0.809667
0.816345
0.823023
0.829701
0.83638
0.843058
0.849736
0.856415
0.863093
0.869772
0.87645
0.883128
0.889807
0.896485
0.903163
0.909842
0.91652
0.923199
0.929877
0.936555
0.943234
0.949912
0.956591
0.963269
0.969947
0.976626
0.983304
0.989982
0.996661
0.00333916
0.0100175
0.0166959
0.0233743
0.0300527
0.0367311
0.0434094
0.0500878
0.0567662
0.0634446
0.070123
0.0768014
0.0834798
0.0901581
0.0968365
0.103515
0.110193
0.116872
0.12355
0.130228
0.136907
0.143585
0.150264
0.156942
0.16362
0.170299
0.176977
0.183655
0.190333
0.197012
0.20369
0.210368
0.217046
0.223724
0.230401
0.237079
0.243756
0.250432
0.257109
0.263784
0.270459
0.277133
0.283806
0.290477
0.297147
0.303815
0.310481
0.317145
0.323806
0.330463
0.337118
0.34377
0.350418
0.357062
0.363704
0.370342
0.376977
0.38361
0.390242
0.396872
0.403502
0.410132
0.416764
0.423399
0.430036
0.436678
0.443323
0.449974
0.45663
0.463292
0.469958
0.476629
0.483303
0.489981
0.49666
0.50334
0.510019
0.516697
0.523371
0.530042
0.536708
0.54337
0.550026
0.556677
0.563322
0.569964
0.576601
0.583236
0.589868
0.596498
0.603128
0.609758
0.61639
0.623023
0.629658
0.636296
0.642938
0.649582
0.65623
0.662882
0.669537
0.676194
0.682855
0.689519
0.696185
0.702853
0.709523
0.716194
0.722867
0.729541
0.736216
0.742891
0.749568
0.756244
0.762921
0.769599
0.776276
0.782954
0.789632
0.79631
0.802988
0.809667
0.816345
0.823023
0.829701
0.83638
0.843058
0.849736
0.856415
0.863093
0.869772
0.87645
0.883128
0.889807
0.896485
0.903163
0.909842
0.91652
0.923199
0.929877
0.936555
0.943234
0.949912
0.956591
0.963269
0.969947
0.976626
0.983304
0.989982
0.996661
0.00333916
0.0100175
0.0166959
0.0233743
0.0300527
0.0367311
0.0434094
0.0500878
0.0567662
0.0634446
0.070123
0.0768014
0.0834798
0.0901581
0.0968365
0.103515
0.110193
0.116872
0.12355
0.130228
0.136907
0.143585
0.150264
0.156942
0.16362
0.170299
0.176977
0.183655
0.190333
0.197012
0.20369
0.210368
0.217046
0.223724
0.230401
0.237079
0.243756
0.250432
0.257109
0.263784
0.270459
0.277133
0.283806
0.290477
0.297147
0.303815
0.310481
0.317145
0.323806
0.330463
0.337118
0.34377
0.350418
0.357062
0.363704
0.370342
0.376977
0.38361
0.390242
0.396872
0.403502
0.410132
0.416764
0.423399
0.430036
0.436678
0.443323
0.449974
0.45663
0.463292
0.469958
0.476629
0.483303
0.489981
0.49666
0.50334
0.510019
0.516697
0.523371
0.530042
0.536708
0.54337
0.550026
0.556677
0.563322
0.569964
0.576601
0.583236
0.589868
0.596498
0.603128
0.609758
0.61639
0.623023
0.629658
0.636296
0.642938
0.649582
0.65623
0.662882
0.669537
0.676194
0.682855
0.689519
0.696185
0.702853
0.709523
0.716194
0.722867
0.729541
0.736216
0.742891
0.749568
0.756244
0.762921
0.769599
0.776276
0.782954
0.789632
0.79631
0.802988
0.809667
0.816345
0.823023
0.829701
0.83638
0.843058
0.849736
0.856415
0.863093
0.869772
0.87645
0.883128
0.889807
0.896485
0.903163
0.909842
0.91652
0.923199
0.929877
0.936555
0.943234
0.949912
0.956591
0.963269
0.969947
0.976626
0.983304
0.989982
0.996661
0.00333916
0.0100175
0.0166959
0.0233743
0.0300527
0.0367311
0.0434094
0.0500878
0.0567662
0.0634446
0.070123
0.0768014
0.0834798
0.0901581
0.0968365
0.103515
0.110193
0.116872
0.12355
0.130228
0.136907
0.143585
0.150264
0.156942
0.16362
0.170299
0.176977
0.183655
0.190333
0.197012
0.20369
0.210368
0.217046
0.223724
0.230401
0.237079
0.243756
0.250432
0.257109
0.263784
0.270459
0.277133
0.283806
0.290477
0.297147
0.303815
0.310481
0.317145
0.323806
0.330463
0.337118
0.34377
0.350418
0.357062
0.363704
0.370342
0.376977
0.38361
0.390242
0.396872
0.403502
0.410132
0.416764
0.423399
0.430036
0.436678
0.443323
0.449974
0.45663
0.463292
0.469958
0.476629
0.483303
0.489981
0.49666
0.50334
0.510019
0.516697
0.523371
0.530042
0.536708
0.54337
0.550026
0.556677
0.563322
0.569964
0.576601
0.583236
0.589868
0.596498
0.603128
0.609758
0.61639
0.623023
0.629658
0.636296
0.642938
0.649582
0.65623
0.662882
0.669537
0.676194
0.682855
0.689519
0.696185
0.702853
0.709523
0.716194
0.722867
0.729541
0.736216
0.742891
0.749568
0.756244
0.762921
0.769599
0.776276
0.782954
0.789632
0.79631
0.802988
0.809667
0.816345
0.823023
0.829701
0.83638
0.843058
0.849736
0.856415
0.863093
0.869772
0.87645
0.883128
0.889807
0.896485
0.903163
0.909842
0.91652
0.923199
0.929877
0.936555
0.943234
0.949912
0.956591
0.963269
0.969947
0.976626
0.983304
0.989982
0.996661
0.00333916
0.0100175
0.0166959
0.0233743
0.0300527
0.0367311
0.0434094
0.0500878
0.0567662
0.0634446
0.070123
0.0768014
0.0834798
0.0901581
0.0968365
0.103515
0.110193
0.116872
0.12355
0.130228
0.136907
0.143585
0.150264
0.156942
0.16362
0.170299
0.176977
0.183655
0.190333
0.197012
0.20369
0.210368
0.217046
0.223724
0.230401
0.237079
0.243756
0.250432
0.257109
0.263784
0.270459
0.277133
0.283806
0.290477
0.297147
0.303815
0.310481
0.317145
0.323806
0.330463
0.337118
0.34377
0.350418
0.357062
0.363704
0.370342
0.376977
0.38361
0.390242
0.396872
0.403502
0.410132
0.416764
0.423399
0.430036
0.436678
0.443323
0.449974
0.45663
0.463292
0.469958
0.476629
0.483303
0.489981
0.49666
0.50334
0.510019
0.516697
0.523371
0.530042
0.536708
0.54337
0.550026
0.556677
0.563322
0.569964
0.576601
0.583236
0.589868
0.596498
0.603128
0.609758
0.61639
0.623023
0.629658
0.636296
0.642938
0.649582
0.65623
0.662882
0.669537
0.676194
0.682855
0.689519
0.696185
0.702853
0.709523
0.716194
0.722867
0.729541
0.736216
0.742891
0.749568
0.756244
0.762921
0.769599
0.776276
0.782954
0.789632
0.79631
0.802988
0.809667
0.816345
0.823023
0.829701
0.83638
0.843058
0.849736
0.856415
0.863093
0.869772
0.87645
0.883128
0.889807
0.896485
0.903163
0.909842
0.91652
0.923199
0.929877
0.936555
0.943234
0.949912
0.956591
0.963269
0.969947
0.976626
0.983304
0.989982
0.996661
0.00333916
0.0100175
0.0166959
0.0233743
0.0300527
0.0367311
0.0434094
0.0500878
0.0567662
0.0634446
0.070123
0.0768014
0.0834798
0.0901581
0.0968365
0.103515
0.110193
0.116872
0.12355
0.130228
0.136907
0.143585
0.150264
0.156942
0.16362
0.170299
0.176977
0.183655
0.190333
0.197012
0.20369
0.210368
0.217046
0.223724
0.230401
0.237079
0.243756
0.250432
0.257109
0.263784
0.270459
0.277133
0.283806
0.290477
0.297147
0.303815
0.310481
0.317145
0.323806
0.330463
0.337118
0.34377
0.350418
0.357062
0.363704
0.370342
0.376977
0.38361
0.390242
0.396872
0.403502
0.410132
0.416764
0.423399
0.430036
0.436678
0.443323
0.449974
0.45663
0.463292
0.469958
0.476629
0.483303
0.489981
0.49666
0.50334
0.510019
0.516697
0.523371
0.530042
0.536708
0.54337
0.550026
0.556677
0.563322
0.569964
0.576601
0.583236
0.589868
0.596498
0.603128
0.609758
0.61639
0.623023
0.629658
0.636296
0.642938
0.649582
0.65623
0.662882
0.669537
0.676194
0.682855
0.689519
0.696185
0.702853
0.709523
0.716194
0.722867
0.729541
0.736216
0.742891
0.749568
0.756244
0.762921
0.769599
0.776276
0.782954
0.789632
0.79631
0.802988
0.809667
0.816345
0.823023
0.829701
0.83638
0.843058
0.849736
0.856415
0.863093
0.869772
0.87645
0.883128
0.889807
0.896485
0.903163
0.909842
0.91652
0.923199
0.929877
0.936555
0.943234
0.949912
0.956591
0.963269
0.969947
0.976626
0.983304
0.989982
0.996661
0.00333916
0.0100175
0.0166959
0.0233743
0.0300527
0.0367311
0.0434094
0.0500878
0.0567662
0.0634446
0.070123
0.0768014
0.0834798
0.0901581
0.0968365
0.103515
0.110193
0.116872
0.12355
0.130228
0.136907
0.143585
0.150264
0.156942
0.16362
0.170299
0.176977
0.183655
0.190333
0.197012
0.20369
0.210368
0.217046
0.223724
0.230401
0.237079
0.243756
0.250432
0.257109
0.263784
0.270459
0.277133
0.283806
0.290477
0.297147
0.303815
0.310481
0.317145
0.323806
0.330463
0.337118
0.34377
0.350418
0.357062
0.363704
0.370342
0.376977
0.38361
0.390242
0.396872
0.403502
0.410132
0.416764
0.423399
0.430036
0.436678
0.443323
0.449974
0.45663
0.463292
0.469958
0.476629
0.483303
0.489981
0.49666
0.50334
0.510019
0.516697
0.523371
0.530042
0.536708
0.54337
0.550026
0.556677
0.563322
0.569964
0.576601
0.583236
0.589868
0.596498
0.603128
0.609758
0.61639
0.623023
0.629658
0.636296
0.642938
0.649582
0.65623
0.662882
0.669537
0.676194
0.682855
0.689519
0.696185
0.702853
0.709523
0.716194
0.722867
0.729541
0.736216
0.742891
0.749568
0.756244
0.762921
0.769599
0.776276
0.782954
0.789632
0.79631
0.802988
0.809667
0.816345
0.823023
0.829701
0.83638
0.843058
0.849736
0.856415
0.863093
0.869772
0.87645
0.883128
0.889807
0.896485
0.903163
0.909842
0.91652
0.923199
0.929877
0.936555
0.943234
0.949912
0.956591
0.963269
0.969947
0.976626
0.983304
0.989982
0.996661
0.00333916
0.0100175
0.0166959
0.0233743
0.0300527
0.0367311
0.0434094
0.0500878
0.0567662
0.0634446
0.070123
0.0768014
0.0834798
0.0901581
0.0968365
0.103515
0.110193
0.116872
0.12355
0.130228
0.136907
0.143585
0.150264
0.156942
0.16362
0.170299
0.176977
0.183655
0.190333
0.197012
0.20369
0.210368
0.217046
0.223724
0.230401
0.237079
0.243756
0.250432
0.257109
0.263784
0.270459
0.277133
0.283806
0.290477
0.297147
0.303815
0.310481
0.317145
0.323806
0.330463
0.337118
0.34377
0.350418
0.357062
0.363704
0.370342
0.376977
0.38361
0.390242
0.396872
0.403502
0.410132
0.416764
0.423399
0.430036
0.436678
0.443323
0.449974
0.45663
0.463292
0.469958
0.476629
0.483303
0.489981
0.49666
0.50334
0.510019
0.516697
0.523371
0.530042
0.536708
0.54337
0.550026
0.556677
0.563322
0.569964
0.576601
0.583236
0.589868
0.596498
0.603128
0.609758
0.61639
0.623023
0.629658
0.636296
0.642938
0.649582
0.65623
0.662882
0.669537
0.676194
0.682855
0.689519
0.696185
0.702853
0.709523
0.716194
0.722867
0.729541
0.736216
0.742891
0.749568
0.756244
0.762921
0.769599
0.776276
0.782954
0.789632
0.79631
0.802988
0.809667
0.816345
0.823023
0.829701
0.83638
0.843058
0.849736
0.856415
0.863093
0.869772
0.87645
0.883128
0.889807
0.896485
0.903163
0.909842
0.91652
0.923199
0.929877
0.936555
0.943234
0.949912
0.956591
0.963269
0.969947
0.976626
0.983304
0.989982
0.996661
0.00333916
0.0100175
0.0166959
0.0233743
0.0300527
0.0367311
0.0434094
0.0500878
0.0567662
0.0634446
0.070123
0.0768014
0.0834798
0.0901581
0.0968365
0.103515
0.110193
0.116872
0.12355
0.130228
0.136907
0.143585
0.150264
0.156942
0.16362
0.170299
0.176977
0.183655
0.190333
0.197012
0.20369
0.210368
0.217046
0.223724
0.230401
0.237079
0.243756
0.250432
0.257109
0.263784
0.270459
0.277133
0.283806
0.290477
0.297147
0.303815
0.310481
0.317145
0.323806
0.330463
0.337118
0.34377
0.350418
0.357062
0.363704
0.370342
0.376977
0.38361
0.390242
0.396872
0.403502
0.410132
0.416764
0.423399
0.430036
0.436678
0.443323
0.449974
0.45663
0.463292
0.469958
0.476629
0.483303
0.489981
0.49666
0.50334
0.510019
0.516697
0.523371
0.530042
0.536708
0.54337
0.550026
0.556677
0.563322
0.569964
0.576601
0.583236
0.589868
0.596498
0.603128
0.609758
0.61639
0.623023
0.629658
0.636296
0.642938
0.649582
0.65623
0.662882
0.669537
0.676194
0.682855
0.689519
0.696185
0.702853
0.709523
0.716194
0.722867
0.729541
0.736216
0.742891
0.749568
0.756244
0.762921
0.769599
0.776276
0.782954
0.789632
0.79631
0.802988
0.809667
0.816345
0.823023
0.829701
0.83638
0.843058
0.849736
0.856415
0.863093
0.869772
0.87645
0.883128
0.889807
0.896485
0.903163
0.909842
0.91652
0.923199
0.929877
0.936555
0.943234
0.949912
0.956591
0.963269
0.969947
0.976626
0.983304
0.989982
0.996661
0.00333916
0.0100175
0.0166959
0.0233743
0.0300527
0.0367311
0.0434094
0.0500878
0.0567662
0.0634446
0.070123
0.0768014
0.0834798
0.0901581
0.0968365
0.103515
0.110193
0.116872
0.12355
0.130228
0.136907
0.143585
0.150264
0.156942
0.16362
0.170299
0.176977
0.183655
0.190333
0.197012
0.20369
0.210368
0.217046
0.223724
0.230401
0.237079
0.243756
0.250432
0.257109
0.263784
0.270459
0.277133
0.283806
0.290477
0.297147
0.303815
0.310481
0.317145
0.323806
0.330463
0.337118
0.34377
0.350418
0.357062
0.363704
0.370342
0.376977
0.38361
0.390242
0.396872
0.403502
0.410132
0.416764
0.423399
0.430036
0.436678
0.443323
0.449974
0.45663
0.463292
0.469958
0.476629
0.483303
0.489981
0.49666
0.50334
0.510019
0.516697
0.523371
0.530042
0.536708
0.54337
0.550026
0.556677
0.563322
0.569964
0.576601
0.583236
0.589868
0.596498
0.603128
0.609758
0.61639
0.623023
0.629658
0.636296
0.642938
0.649582
0.65623
0.662882
0.669537
0.676194
0.682855
0.689519
0.696185
0.702853
0.709523
0.716194
0.722867
0.729541
0.736216
0.742891
0.749568
0.756244
0.762921
0.769599
0.776276
0.782954
0.789632
0.79631
0.802988
0.809667
0.816345
0.823023
0.829701
0.83638
0.843058
0.849736
0.856415
0.863093
0.869772
0.87645
0.883128
0.889807
0.896485
0.903163
0.909842
0.91652
0.923199
0.929877
0.936555
0.943234
0.949912
0.956591
0.963269
0.969947
0.976626
0.983304
0.989982
0.996661
0.00333916
0.0100175
0.0166959
0.0233743
0.0300527
0.0367311
0.0434094
0.0500878
0.0567662
0.0634446
0.070123
0.0768014
0.0834798
0.0901581
0.0968365
0.103515
0.110193
0.116872
0.12355
0.130228
0.136907
0.143585
0.150264
0.156942
0.16362
0.170299
0.176977
0.183655
0.190333
0.197012
0.20369
0.210368
0.217046
0.223724
0.230401
0.237079
0.243756
0.250432
0.257109
0.263784
0.270459
0.277133
0.283806
0.290477
0.297147
0.303815
0.310481
0.317145
0.323806
0.330463
0.337118
0.34377
0.350418
0.357062
0.363704
0.370342
0.376977
0.38361
0.390242
0.396872
0.403502
0.410132
0.416764
0.423399
0.430036
0.436678
0.443323
0.449974
0.45663
0.463292
0.469958
0.476629
0.483303
0.489981
0.49666
0.50334
0.510019
0.516697
0.523371
0.530042
0.536708
0.54337
0.550026
0.556677
0.563322
0.569964
0.576601
0.583236
0.589868
0.596498
0.603128
0.609758
0.61639
0.623023
0.629658
0.636296
0.642938
0.649582
0.65623
0.662882
0.669537
0.676194
0.682855
0.689519
0.696185
0.702853
0.709523
0.716194
0.722867
0.729541
0.736216
0.742891
0.749568
0.756244
0.762921
0.769599
0.776276
0.782954
0.789632
0.79631
0.802988
0.809667
0.816345
0.823023
0.829701
0.83638
0.843058
0.849736
0.856415
0.863093
0.869772
0.87645
0.883128
0.889807
0.896485
0.903163
0.909842
0.91652
0.923199
0.929877
0.936555
0.943234
0.949912
0.956591
0.963269
0.969947
0.976626
0.983304
0.989982
0.996661
0.00333916
0.0100175
0.0166959
0.0233743
0.0300527
0.0367311
0.0434094
0.0500878
0.0567662
0.0634446
0.070123
0.0768014
0.0834798
0.0901581
0.0968365
0.103515
0.110193
0.116872
0.12355
0.130228
0.136907
0.143585
0.150264
0.156942
0.16362
0.170299
0.176977
0.183655
0.190333
0.197012
0.20369
0.210368
0.217046
0.223724
0.230401
0.237079
0.243756
0.250432
0.257109
0.263784
0.270459
0.277133
0.283806
0.290477
0.297147
0.303815
0.310481
0.317145
0.323806
0.330463
0.337118
0.34377
0.350418
0.357062
0.363704
0.370342
0.376977
0.38361
0.390242
0.396872
0.403502
0.410132
0.416764
0.423399
0.430036
0.436678
0.443323
0.449974
0.45663
0.463292
0.469958
0.476629
0.483303
0.489981
0.49666
0.50334
0.510019
0.516697
0.523371
0.530042
0.536708
0.54337
0.550026
0.556677
0.563322
0.569964
0.576601
0.583236
0.589868
0.596498
0.603128
0.609758
0.61639
0.623023
0.629658
0.636296
0.642938
0.649582
0.65623
0.662882
0.669537
0.676194
0.682855
0.689519
0.696185
0.702853
0.709523
0.716194
0.722867
0.729541
0.736216
0.742891
0.749568
0.756244
0.762921
0.769599
0.776276
0.782954
0.789632
0.79631
0.802988
0.809667
0.816345
0.823023
0.829701
0.83638
0.843058
0.849736
0.856415
0.863093
0.869772
0.87645
0.883128
0.889807
0.896485
0.903163
0.909842
0.91652
0.923199
0.929877
0.936555
0.943234
0.949912
0.956591
0.963269
0.969947
0.976626
0.983304
0.989982
0.996661
0.00333916
0.0100175
0.0166959
0.0233743
0.0300527
0.0367311
0.0434094
0.0500878
0.0567662
0.0634446
0.070123
0.0768014
0.0834798
0.0901581
0.0968365
0.103515
0.110193
0.116872
0.12355
0.130228
0.136907
0.143585
0.150264
0.156942
0.16362
0.170299
0.176977
0.183655
0.190333
0.197012
0.20369
0.210368
0.217046
0.223724
0.230401
0.237079
0.243756
0.250432
0.257109
0.263784
0.270459
0.277133
0.283806
0.290477
0.297147
0.303815
0.310481
0.317145
0.323806
0.330463
0.337118
0.34377
0.350418
0.357062
0.363704
0.370342
0.376977
0.38361
0.390242
0.396872
0.403502
0.410132
0.416764
0.423399
0.430036
0.436678
0.443323
0.449974
0.45663
0.463292
0.469958
0.476629
0.483303
0.489981
0.49666
0.50334
0.510019
0.516697
0.523371
0.530042
0.536708
0.54337
0.550026
0.556677
0.563322
0.569964
0.576601
0.583236
0.589868
0.596498
0.603128
0.609758
0.61639
0.623023
0.629658
0.636296
0.642938
0.649582
0.65623
0.662882
0.669537
0.676194
0.682855
0.689519
0.696185
0.702853
0.709523
0.716194
0.722867
0.729541
0.736216
0.742891
0.749568
0.756244
0.762921
0.769599
0.776276
0.782954
0.789632
0.79631
0.802988
0.809667
0.816345
0.823023
0.829701
0.83638
0.843058
0.849736
0.856415
0.863093
0.869772
0.87645
0.883128
0.889807
0.896485
0.903163
0.909842
0.91652
0.923199
0.929877
0.936555
0.943234
0.949912
0.956591
0.963269
0.969947
0.976626
0.983304
0.989982
0.996661
0.00333916
0.0100175
0.0166959
0.0233743
0.0300527
0.0367311
0.0434094
0.0500878
0.0567662
0.0634446
0.070123
0.0768014
0.0834798
0.0901581
0.0968365
0.103515
0.110193
0.116872
0.12355
0.130228
0.136907
0.143585
0.150264
0.156942
0.16362
0.170299
0.176977
0.183655
0.190333
0.197012
0.20369
0.210368
0.217046
0.223724
0.230401
0.237079
0.243756
0.250432
0.257109
0.263784
0.270459
0.277133
0.283806
0.290477
0.297147
0.303815
0.310481
0.317145
0.323806
0.330463
0.337118
0.34377
0.350418
0.357062
0.363704
0.370342
0.376977
0.38361
0.390242
0.396872
0.403502
0.410132
0.416764
0.423399
0.430036
0.436678
0.443323
0.449974
0.45663
0.463292
0.469958
0.476629
0.483303
0.489981
0.49666
0.50334
0.510019
0.516697
0.523371
0.530042
0.536708
0.54337
0.550026
0.556677
0.563322
0.569964
0.576601
0.583236
0.589868
0.596498
0.603128
0.609758
0.61639
0.623023
0.629658
0.636296
0.642938
0.649582
0.65623
0.662882
0.669537
0.676194
0.682855
0.689519
0.696185
0.702853
0.709523
0.716194
0.722867
0.729541
0.736216
0.742891
0.749568
0.756244
0.762921
0.769599
0.776276
0.782954
0.789632
0.79631
0.802988
0.809667
0.816345
0.823023
0.829701
0.83638
0.843058
0.849736
0.856415
0.863093
0.869772
0.87645
0.883128
0.889807
0.896485
0.903163
0.909842
0.91652
0.923199
0.929877
0.936555
0.943234
0.949912
0.956591
0.963269
0.969947
0.976626
0.983304
0.989982
0.996661
0.00333916
0.0100175
0.0166959
0.0233743
0.0300527
0.0367311
0.0434094
0.0500878
0.0567662
0.0634446
0.070123
0.0768014
0.0834798
0.0901581
0.0968365
0.103515
0.110193
0.116872
0.12355
0.130228
0.136907
0.143585
0.150264
0.156942
0.16362
0.170299
0.176977
0.183655
0.190333
0.197012
0.20369
0.210368
0.217046
0.223724
0.230401
0.237079
0.243756
0.250432
0.257109
0.263784
0.270459
0.277133
0.283806
0.290477
0.297147
0.303815
0.310481
0.317145
0.323806
0.330463
0.337118
0.34377
0.350418
0.357062
0.363704
0.370342
0.376977
0.38361
0.390242
0.396872
0.403502
0.410132
0.416764
0.423399
0.430036
0.436678
0.443323
0.449974
0.45663
0.463292
0.469958
0.476629
0.483303
0.489981
0.49666
0.50334
0.510019
0.516697
0.523371
0.530042
0.536708
0.54337
0.550026
0.556677
0.563322
0.569964
0.576601
0.583236
0.589868
0.596498
0.603128
0.609758
0.61639
0.623023
0.629658
0.636296
0.642938
0.649582
0.65623
0.662882
0.669537
0.676194
0.682855
0.689519
0.696185
0.702853
0.709523
0.716194
0.722867
0.729541
0.736216
0.742891
0.749568
0.756244
0.762921
0.769599
0.776276
0.782954
0.789632
0.79631
0.802988
0.809667
0.816345
0.823023
0.829701
0.83638
0.843058
0.849736
0.856415
0.863093
0.869772
0.87645
0.883128
0.889807
0.896485
0.903163
0.909842
0.91652
0.923199
0.929877
0.936555
0.943234
0.949912
0.956591
0.963269
0.969947
0.976626
0.983304
0.989982
0.996661
0.00333916
0.0100175
0.0166959
0.0233743
0.0300527
0.0367311
0.0434094
0.0500878
0.0567662
0.0634446
0.070123
0.0768014
0.0834798
0.0901581
0.0968365
0.103515
0.110193
0.116872
0.12355
0.130228
0.136907
0.143585
0.150264
0.156942
0.16362
0.170299
0.176977
0.183655
0.190333
0.197012
0.20369
0.210368
0.217046
0.223724
0.230401
0.237079
0.243756
0.250432
0.257109
0.263784
0.270459
0.277133
0.283806
0.290477
0.297147
0.303815
0.310481
0.317145
0.323806
0.330463
0.337118
0.34377
0.350418
0.357062
0.363704
0.370342
0.376977
0.38361
0.390242
0.396872
0.403502
0.410132
0.416764
0.423399
0.430036
0.436678
0.443323
0.449974
0.45663
0.463292
0.469958
0.476629
0.483303
0.489981
0.49666
0.50334
0.510019
0.516697
0.523371
0.530042
0.536708
0.54337
0.550026
0.556677
0.563322
0.569964
0.576601
0.583236
0.589868
0.596498
0.603128
0.609758
0.61639
0.623023
0.629658
0.636296
0.642938
0.649582
0.65623
0.662882
0.669537
0.676194
0.682855
0.689519
0.696185
0.702853
0.709523
0.716194
0.722867
0.729541
0.736216
0.742891
0.749568
0.756244
0.762921
0.769599
0.776276
0.782954
0.789632
0.79631
0.802988
0.809667
0.816345
0.823023
0.829701
0.83638
0.843058
0.849736
0.856415
0.863093
0.869772
0.87645
0.883128
0.889807
0.896485
0.903163
0.909842
0.91652
0.923199
0.929877
0.936555
0.943234
0.949912
0.956591
0.963269
0.969947
0.976626
0.983304
0.989982
0.996661
0.00333916
0.0100175
0.0166959
0.0233743
0.0300527
0.0367311
0.0434094
0.0500878
0.0567662
0.0634446
0.070123
0.0768014
0.0834798
0.0901581
0.0968365
0.103515
0.110193
0.116872
0.12355
0.130228
0.136907
0.143585
0.150264
0.156942
0.16362
0.170299
0.176977
0.183655
0.190333
0.197012
0.20369
0.210368
0.217046
0.223724
0.230401
0.237079
0.243756
0.250432
0.257109
0.263784
0.270459
0.277133
0.283806
0.290477
0.297147
0.303815
0.310481
0.317145
0.323806
0.330463
0.337118
0.34377
0.350418
0.357062
0.363704
0.370342
0.376977
0.38361
0.390242
0.396872
0.403502
0.410132
0.416764
0.423399
0.430036
0.436678
0.443323
0.449974
0.45663
0.463292
0.469958
0.476629
0.483303
0.489981
0.49666
0.50334
0.510019
0.516697
0.523371
0.530042
0.536708
0.54337
0.550026
0.556677
0.563322
0.569964
0.576601
0.583236
0.589868
0.596498
0.603128
0.609758
0.61639
0.623023
0.629658
0.636296
0.642938
0.649582
0.65623
0.662882
0.669537
0.676194
0.682855
0.689519
0.696185
0.702853
0.709523
0.716194
0.722867
0.729541
0.736216
0.742891
0.749568
0.756244
0.762921
0.769599
0.776276
0.782954
0.789632
0.79631
0.802988
0.809667
0.816345
0.823023
0.829701
0.83638
0.843058
0.849736
0.856415
0.863093
0.869772
0.87645
0.883128
0.889807
0.896485
0.903163
0.909842
0.91652
0.923199
0.929877
0.936555
0.943234
0.949912
0.956591
0.963269
0.969947
0.976626
0.983304
0.989982
0.996661
0.00333916
0.0100175
0.0166959
0.0233743
0.0300527
0.0367311
0.0434094
0.0500878
0.0567662
0.0634446
0.070123
0.0768014
0.0834798
0.0901581
0.0968365
0.103515
0.110193
0.116872
0.12355
0.130228
0.136907
0.143585
0.150264
0.156942
0.16362
0.170299
0.176977
0.183655
0.190333
0.197012
0.20369
0.210368
0.217046
0.223724
0.230401
0.237079
0.243756
0.250432
0.257109
0.263784
0.270459
0.277133
0.283806
0.290477
0.297147
0.303815
0.310481
0.317145
0.323806
0.330463
0.337118
0.34377
0.350418
0.357062
0.363704
0.370342
0.376977
0.38361
0.390242
0.396872
0.403502
0.410132
0.416764
0.423399
0.430036
0.436678
0.443323
0.449974
0.45663
0.463292
0.469958
0.476629
0.483303
0.489981
0.49666
0.50334
0.510019
0.516697
0.523371
0.530042
0.536708
0.54337
0.550026
0.556677
0.563322
0.569964
0.576601
0.583236
0.589868
0.596498
0.603128
0.609758
0.61639
0.623023
0.629658
0.636296
0.642938
0.649582
0.65623
0.662882
0.669537
0.676194
0.682855
0.689519
0.696185
0.702853
0.709523
0.716194
0.722867
0.729541
0.736216
0.742891
0.749568
0.756244
0.762921
0.769599
0.776276
0.782954
0.789632
0.79631
0.802988
0.809667
0.816345
0.823023
0.829701
0.83638
0.843058
0.849736
0.856415
0.863093
0.869772
0.87645
0.883128
0.889807
0.896485
0.903163
0.909842
0.91652
0.923199
0.929877
0.936555
0.943234
0.949912
0.956591
0.963269
0.969947
0.976626
0.983304
0.989982
0.996661
0.00333916
0.0100175
0.0166959
0.0233743
0.0300527
0.0367311
0.0434094
0.0500878
0.0567662
0.0634446
0.070123
0.0768014
0.0834798
0.0901581
0.0968365
0.103515
0.110193
0.116872
0.12355
0.130228
0.136907
0.143585
0.150264
0.156942
0.16362
0.170299
0.176977
0.183655
0.190333
0.197012
0.20369
0.210368
0.217046
0.223724
0.230401
0.237079
0.243756
0.250432
0.257109
0.263784
0.270459
0.277133
0.283806
0.290477
0.297147
0.303815
0.310481
0.317145
0.323806
0.330463
0.337118
0.34377
0.350418
0.357062
0.363704
0.370342
0.376977
0.38361
0.390242
0.396872
0.403502
0.410132
0.416764
0.423399
0.430036
0.436678
0.443323
0.449974
0.45663
0.463292
0.469958
0.476629
0.483303
0.489981
0.49666
0.50334
0.510019
0.516697
0.523371
0.530042
0.536708
0.54337
0.550026
0.556677
0.563322
0.569964
0.576601
0.583236
0.589868
0.596498
0.603128
0.609758
0.61639
0.623023
0.629658
0.636296
0.642938
0.649582
0.65623
0.662882
0.669537
0.676194
0.682855
0.689519
0.696185
0.702853
0.709523
0.716194
0.722867
0.729541
0.736216
0.742891
0.749568
0.756244
0.762921
0.769599
0.776276
0.782954
0.789632
0.79631
0.802988
0.809667
0.816345
0.823023
0.829701
0.83638
0.843058
0.849736
0.856415
0.863093
0.869772
0.87645
0.883128
0.889807
0.896485
0.903163
0.909842
0.91652
0.923199
0.929877
0.936555
0.943234
0.949912
0.956591
0.963269
0.969947
0.976626
0.983304
0.989982
0.996661
0.00333916
0.0100175
0.0166959
0.0233743
0.0300527
0.0367311
0.0434094
0.0500878
0.0567662
0.0634446
0.070123
0.0768014
0.0834798
0.0901581
0.0968365
0.103515
0.110193
0.116872
0.12355
0.130228
0.136907
0.143585
0.150264
0.156942
0.16362
0.170299
0.176977
0.183655
0.190333
0.197012
0.20369
0.210368
0.217046
0.223724
0.230401
0.237079
0.243756
0.250432
0.257109
0.263784
0.270459
0.277133
0.283806
0.290477
0.297147
0.303815
0.310481
0.317145
0.323806
0.330463
0.337118
0.34377
0.350418
0.357062
0.363704
0.370342
0.376977
0.38361
0.390242
0.396872
0.403502
0.410132
0.416764
0.423399
0.430036
0.436678
0.443323
0.449974
0.45663
0.463292
0.469958
0.476629
0.483303
0.489981
0.49666
0.50334
0.510019
0.516697
0.523371
0.530042
0.536708
0.54337
0.550026
0.556677
0.563322
0.569964
0.576601
0.583236
0.589868
0.596498
0.603128
0.609758
0.61639
0.623023
0.629658
0.636296
0.642938
0.649582
0.65623
0.662882
0.669537
0.676194
0.682855
0.689519
0.696185
0.702853
0.709523
0.716194
0.722867
0.729541
0.736216
0.742891
0.749568
0.756244
0.762921
0.769599
0.776276
0.782954
0.789632
0.79631
0.802988
0.809667
0.816345
0.823023
0.829701
0.83638
0.843058
0.849736
0.856415
0.863093
0.869772
0.87645
0.883128
0.889807
0.896485
0.903163
0.909842
0.91652
0.923199
0.929877
0.936555
0.943234
0.949912
0.956591
0.963269
0.969947
0.976626
0.983304
0.989982
0.996661
