
-0.0483333
-0.0483332
-0.0483332
-0.0483331
-0.048333
-0.0483329
-0.0483328
-0.0483325
-0.0483323
-0.0483319
-0.0483314
-0.0483308
-0.04833
-0.048329
-0.0483276
-0.0483258
-0.0483236
-0.0483207
-0.0483171
-0.0483125
-0.0483067
-0.0482995
-0.0482905
-0.0482794
-0.0482656
-0.0482488
-0.0482282
-0.0482032
-0.048173
-0.0481367
-0.0480932
-0.0480413
-0.0479799
-0.0479074
-0.0478224
-0.0477231
-0.0476077
-0.0474744
-0.0473212
-0.0471458
-0.0469464
-0.0467206
-0.0464665
-0.046182
-0.0458652
-0.0455144
-0.0451282
-0.0447053
-0.0442451
-0.043747
-0.0432112
-0.0426384
-0.0420297
-0.0413871
-0.040713
-0.0400106
-0.0392836
-0.0385366
-0.0377747
-0.0370034
-0.0362291
-0.0354586
-0.0346988
-0.0339572
-0.0332415
-0.0325593
-0.0319183
-0.0313261
-0.0307898
-0.0303161
-0.0299112
-0.0295805
-0.0293283
-0.0291582
-0.0290726
-0.0290726
-0.0291582
-0.0293283
-0.0295805
-0.0299112
-0.0303161
-0.0307898
-0.0313261
-0.0319183
-0.0325593
-0.0332415
-0.0339572
-0.0346988
-0.0354586
-0.0362291
-0.0370034
-0.0377747
-0.0385366
-0.0392836
-0.0400106
-0.040713
-0.0413871
-0.0420297
-0.0426384
-0.0432112
-0.043747
-0.0442451
-0.0447053
-0.0451282
-0.0455144
-0.0458652
-0.046182
-0.0464665
-0.0467206
-0.0469464
-0.0471458
-0.0473212
-0.0474744
-0.0476077
-0.0477231
-0.0478224
-0.0479074
-0.0479799
-0.0480413
-0.0480932
-0.0481367
-0.048173
-0.0482032
-0.0482282
-0.0482488
-0.0482656
-0.0482794
-0.0482905
-0.0482995
-0.0483067
-0.0483125
-0.0483171
-0.0483207
-0.0483236
-0.0483258
-0.0483276
-0.048329
-0.04833
-0.0483308
-0.0483314
-0.0483319
-0.0483323
-0.0483325
-0.0483328
-0.0483329
-0.048333
-0.0483331
-0.0483332
-0.0483332
-0.0483333
-0.045
-0.0449999
-0.0449998
-0.0449998
-0.0449997
-0.0449996
-0.0449995
-0.0449993
-0.044999
-0.0449987
-0.0449982
-0.0449977
-0.0449969
-0.0449959
-0.0449947
-0.044993
-0.0449909
-0.0449883
-0.0449849
-0.0449806
-0.0449752
-0.0449685
-0.0449601
-0.0449498
-0.044937
-0.0449213
-0.0449021
-0.0448789
-0.0448508
-0.0448169
-0.0447764
-0.0447281
-0.044671
-0.0446035
-0.0445243
-0.0444319
-0.0443245
-0.0442003
-0.0440576
-0.0438944
-0.0437087
-0.0434985
-0.0432619
-0.042997
-0.0427021
-0.0423755
-0.0420159
-0.0416222
-0.0411937
-0.0407299
-0.0402311
-0.0396978
-0.0391311
-0.0385328
-0.0379052
-0.0372512
-0.0365744
-0.0358789
-0.0351695
-0.0344515
-0.0337306
-0.0330132
-0.0323058
-0.0316153
-0.030949
-0.0303138
-0.029717
-0.0291657
-0.0286664
-0.0282253
-0.0278484
-0.0275405
-0.0273057
-0.0271473
-0.0270676
-0.0270676
-0.0271473
-0.0273057
-0.0275405
-0.0278484
-0.0282253
-0.0286664
-0.0291657
-0.029717
-0.0303138
-0.030949
-0.0316153
-0.0323058
-0.0330132
-0.0337306
-0.0344515
-0.0351695
-0.0358789
-0.0365744
-0.0372512
-0.0379052
-0.0385328
-0.0391311
-0.0396978
-0.0402311
-0.0407299
-0.0411937
-0.0416222
-0.0420159
-0.0423755
-0.0427021
-0.042997
-0.0432619
-0.0434985
-0.0437087
-0.0438944
-0.0440576
-0.0442003
-0.0443245
-0.0444319
-0.0445243
-0.0446035
-0.044671
-0.0447281
-0.0447764
-0.0448169
-0.0448508
-0.0448789
-0.0449021
-0.0449213
-0.044937
-0.0449498
-0.0449601
-0.0449685
-0.0449752
-0.0449806
-0.0449849
-0.0449883
-0.0449909
-0.044993
-0.0449947
-0.0449959
-0.0449969
-0.0449977
-0.0449982
-0.0449987
-0.044999
-0.0449993
-0.0449995
-0.0449996
-0.0449997
-0.0449998
-0.0449998
-0.0449999
-0.045
-0.0416666
-0.0416666
-0.0416665
-0.0416665
-0.0416664
-0.0416663
-0.0416662
-0.041666
-0.0416658
-0.0416654
-0.041665
-0.0416645
-0.0416638
-0.0416629
-0.0416617
-0.0416602
-0.0416583
-0.0416558
-0.0416527
-0.0416487
-0.0416437
-0.0416375
-0.0416297
-0.0416201
-0.0416083
-0.0415938
-0.0415761
-0.0415545
-0.0415285
-0.0414972
-0.0414596
-0.041415
-0.041362
-0.0412995
-0.0412262
-0.0411406
-0.0410412
-0.0409262
-0.0407941
-0.040643
-0.040471
-0.0402764
-0.0400573
-0.0398121
-0.039539
-0.0392366
-0.0389036
-0.0385391
-0.0381423
-0.0377129
-0.037251
-0.0367572
-0.0362325
-0.0356785
-0.0350974
-0.0344919
-0.0338652
-0.0332212
-0.0325644
-0.0318995
-0.031232
-0.0305678
-0.0299128
-0.0292735
-0.0286565
-0.0280684
-0.0275158
-0.0270053
-0.0265429
-0.0261346
-0.0257855
-0.0255004
-0.025283
-0.0251364
-0.0250626
-0.0250626
-0.0251364
-0.025283
-0.0255004
-0.0257855
-0.0261346
-0.0265429
-0.0270053
-0.0275158
-0.0280684
-0.0286565
-0.0292735
-0.0299128
-0.0305678
-0.031232
-0.0318995
-0.0325644
-0.0332212
-0.0338652
-0.0344919
-0.0350974
-0.0356785
-0.0362325
-0.0367572
-0.037251
-0.0377129
-0.0381423
-0.0385391
-0.0389036
-0.0392366
-0.039539
-0.0398121
-0.0400573
-0.0402764
-0.040471
-0.040643
-0.0407941
-0.0409262
-0.0410412
-0.0411406
-0.0412262
-0.0412995
-0.041362
-0.041415
-0.0414596
-0.0414972
-0.0415285
-0.0415545
-0.0415761
-0.0415938
-0.0416083
-0.0416201
-0.0416297
-0.0416375
-0.0416437
-0.0416487
-0.0416527
-0.0416558
-0.0416583
-0.0416602
-0.0416617
-0.0416629
-0.0416638
-0.0416645
-0.041665
-0.0416654
-0.0416658
-0.041666
-0.0416662
-0.0416663
-0.0416664
-0.0416665
-0.0416665
-0.0416666
-0.0416666
-0.0383333
-0.0383332
-0.0383332
-0.0383332
-0.0383331
-0.038333
-0.0383329
-0.0383327
-0.0383325
-0.0383322
-0.0383318
-0.0383313
-0.0383307
-0.0383299
-0.0383288
-0.0383274
-0.0383256
-0.0383233
-0.0383204
-0.0383168
-0.0383122
-0.0383065
-0.0382994
-0.0382905
-0.0382796
-0.0382663
-0.03825
-0.0382302
-0.0382062
-0.0381774
-0.0381429
-0.0381018
-0.038053
-0.0379956
-0.0379281
-0.0378494
-0.0377579
-0.0376521
-0.0375306
-0.0373915
-0.0372333
-0.0370543
-0.0368528
-0.0366271
-0.0363759
-0.0360977
-0.0357913
-0.035456
-0.0350909
-0.0346959
-0.0342709
-0.0338166
-0.0333339
-0.0328243
-0.0322896
-0.0317325
-0.031156
-0.0305635
-0.0299592
-0.0293475
-0.0287335
-0.0281223
-0.0275198
-0.0269316
-0.026364
-0.0258229
-0.0253145
-0.0248448
-0.0244195
-0.0240438
-0.0237227
-0.0234604
-0.0232604
-0.0231255
-0.0230576
-0.0230576
-0.0231255
-0.0232604
-0.0234604
-0.0237227
-0.0240438
-0.0244195
-0.0248448
-0.0253145
-0.0258229
-0.026364
-0.0269316
-0.0275198
-0.0281223
-0.0287335
-0.0293475
-0.0299592
-0.0305635
-0.031156
-0.0317325
-0.0322896
-0.0328243
-0.0333339
-0.0338166
-0.0342709
-0.0346959
-0.0350909
-0.035456
-0.0357913
-0.0360977
-0.0363759
-0.0366271
-0.0368528
-0.0370543
-0.0372333
-0.0373915
-0.0375306
-0.0376521
-0.0377579
-0.0378494
-0.0379281
-0.0379956
-0.038053
-0.0381018
-0.0381429
-0.0381774
-0.0382062
-0.0382302
-0.03825
-0.0382663
-0.0382796
-0.0382905
-0.0382994
-0.0383065
-0.0383122
-0.0383168
-0.0383204
-0.0383233
-0.0383256
-0.0383274
-0.0383288
-0.0383299
-0.0383307
-0.0383313
-0.0383318
-0.0383322
-0.0383325
-0.0383327
-0.0383329
-0.038333
-0.0383331
-0.0383332
-0.0383332
-0.0383332
-0.0383333
-0.035
-0.0349999
-0.0349999
-0.0349998
-0.0349998
-0.0349997
-0.0349996
-0.0349994
-0.0349992
-0.034999
-0.0349986
-0.0349982
-0.0349976
-0.0349968
-0.0349958
-0.0349946
-0.0349929
-0.0349909
-0.0349882
-0.0349849
-0.0349807
-0.0349755
-0.034969
-0.0349609
-0.034951
-0.0349388
-0.0349239
-0.0349058
-0.0348839
-0.0348576
-0.0348261
-0.0347886
-0.0347441
-0.0346916
-0.03463
-0.0345581
-0.0344746
-0.034378
-0.0342671
-0.0341401
-0.0339957
-0.0338322
-0.0336482
-0.0334421
-0.0332128
-0.0329587
-0.032679
-0.0323728
-0.0320395
-0.0316788
-0.0312909
-0.0308761
-0.0304353
-0.02997
-0.0294818
-0.0289732
-0.0284468
-0.0279058
-0.0273541
-0.0267956
-0.0262349
-0.0256769
-0.0251267
-0.0245897
-0.0240714
-0.0235774
-0.0231133
-0.0226844
-0.0222961
-0.021953
-0.0216599
-0.0214204
-0.0212377
-0.0211146
-0.0210526
-0.0210526
-0.0211146
-0.0212377
-0.0214204
-0.0216599
-0.021953
-0.0222961
-0.0226844
-0.0231133
-0.0235774
-0.0240714
-0.0245897
-0.0251267
-0.0256769
-0.0262349
-0.0267956
-0.0273541
-0.0279058
-0.0284468
-0.0289732
-0.0294818
-0.02997
-0.0304353
-0.0308761
-0.0312909
-0.0316788
-0.0320395
-0.0323728
-0.032679
-0.0329587
-0.0332128
-0.0334421
-0.0336482
-0.0338322
-0.0339957
-0.0341401
-0.0342671
-0.034378
-0.0344746
-0.0345581
-0.03463
-0.0346916
-0.0347441
-0.0347886
-0.0348261
-0.0348576
-0.0348839
-0.0349058
-0.0349239
-0.0349388
-0.034951
-0.0349609
-0.034969
-0.0349755
-0.0349807
-0.0349849
-0.0349882
-0.0349909
-0.0349929
-0.0349946
-0.0349958
-0.0349968
-0.0349976
-0.0349982
-0.0349986
-0.034999
-0.0349992
-0.0349994
-0.0349996
-0.0349997
-0.0349998
-0.0349998
-0.0349999
-0.0349999
-0.035
-0.0316666
-0.0316666
-0.0316666
-0.0316665
-0.0316665
-0.0316664
-0.0316663
-0.0316662
-0.031666
-0.0316657
-0.0316654
-0.031665
-0.0316645
-0.0316638
-0.0316629
-0.0316618
-0.0316603
-0.0316584
-0.031656
-0.031653
-0.0316492
-0.0316445
-0.0316386
-0.0316313
-0.0316223
-0.0316113
-0.0315978
-0.0315814
-0.0315616
-0.0315378
-0.0315093
-0.0314754
-0.0314351
-0.0313876
-0.0313319
-0.0312669
-0.0311913
-0.0311039
-0.0310035
-0.0308887
-0.030758
-0.0306101
-0.0304436
-0.0302572
-0.0300496
-0.0298198
-0.0295668
-0.0292897
-0.0289881
-0.0286618
-0.0283108
-0.0279355
-0.0275367
-0.0271157
-0.026674
-0.0262138
-0.0257375
-0.0252481
-0.0247489
-0.0242436
-0.0237363
-0.0232315
-0.0227337
-0.0222478
-0.0217789
-0.021332
-0.020912
-0.020524
-0.0201726
-0.0198623
-0.019597
-0.0193803
-0.0192151
-0.0191037
-0.0190476
-0.0190476
-0.0191037
-0.0192151
-0.0193803
-0.019597
-0.0198623
-0.0201726
-0.020524
-0.020912
-0.021332
-0.0217789
-0.0222478
-0.0227337
-0.0232315
-0.0237363
-0.0242436
-0.0247489
-0.0252481
-0.0257375
-0.0262138
-0.026674
-0.0271157
-0.0275367
-0.0279355
-0.0283108
-0.0286618
-0.0289881
-0.0292897
-0.0295668
-0.0298198
-0.0300496
-0.0302572
-0.0304436
-0.0306101
-0.030758
-0.0308887
-0.0310035
-0.0311039
-0.0311913
-0.0312669
-0.0313319
-0.0313876
-0.0314351
-0.0314754
-0.0315093
-0.0315378
-0.0315616
-0.0315814
-0.0315978
-0.0316113
-0.0316223
-0.0316313
-0.0316386
-0.0316445
-0.0316492
-0.031653
-0.031656
-0.0316584
-0.0316603
-0.0316618
-0.0316629
-0.0316638
-0.0316645
-0.031665
-0.0316654
-0.0316657
-0.031666
-0.0316662
-0.0316663
-0.0316664
-0.0316665
-0.0316665
-0.0316666
-0.0316666
-0.0316666
-0.0283333
-0.0283333
-0.0283332
-0.0283332
-0.0283332
-0.0283331
-0.028333
-0.0283329
-0.0283327
-0.0283325
-0.0283322
-0.0283319
-0.0283314
-0.0283308
-0.02833
-0.0283289
-0.0283276
-0.0283259
-0.0283238
-0.0283211
-0.0283177
-0.0283135
-0.0283082
-0.0283017
-0.0282936
-0.0282838
-0.0282717
-0.0282571
-0.0282394
-0.0282181
-0.0281926
-0.0281622
-0.0281262
-0.0280837
-0.0280338
-0.0279756
-0.027908
-0.0278298
-0.02774
-0.0276372
-0.0275203
-0.027388
-0.027239
-0.0270722
-0.0268865
-0.0266809
-0.0264545
-0.0262066
-0.0259368
-0.0256448
-0.0253307
-0.0249949
-0.0246381
-0.0242614
-0.0238662
-0.0234545
-0.0230283
-0.0225904
-0.0221438
-0.0216917
-0.0212378
-0.0207861
-0.0203407
-0.019906
-0.0194864
-0.0190865
-0.0187107
-0.0183636
-0.0180492
-0.0177715
-0.0175342
-0.0173403
-0.0171925
-0.0170928
-0.0170426
-0.0170426
-0.0170928
-0.0171925
-0.0173403
-0.0175342
-0.0177715
-0.0180492
-0.0183636
-0.0187107
-0.0190865
-0.0194864
-0.019906
-0.0203407
-0.0207861
-0.0212378
-0.0216917
-0.0221438
-0.0225904
-0.0230283
-0.0234545
-0.0238662
-0.0242614
-0.0246381
-0.0249949
-0.0253307
-0.0256448
-0.0259368
-0.0262066
-0.0264545
-0.0266809
-0.0268865
-0.0270722
-0.027239
-0.027388
-0.0275203
-0.0276372
-0.02774
-0.0278298
-0.027908
-0.0279756
-0.0280338
-0.0280837
-0.0281262
-0.0281622
-0.0281926
-0.0282181
-0.0282394
-0.0282571
-0.0282717
-0.0282838
-0.0282936
-0.0283017
-0.0283082
-0.0283135
-0.0283177
-0.0283211
-0.0283238
-0.0283259
-0.0283276
-0.0283289
-0.02833
-0.0283308
-0.0283314
-0.0283319
-0.0283322
-0.0283325
-0.0283327
-0.0283329
-0.028333
-0.0283331
-0.0283332
-0.0283332
-0.0283332
-0.0283333
-0.0283333
-0.025
-0.0249999
-0.0249999
-0.0249999
-0.0249998
-0.0249998
-0.0249997
-0.0249996
-0.0249995
-0.0249993
-0.024999
-0.0249987
-0.0249983
-0.0249977
-0.024997
-0.0249961
-0.024995
-0.0249935
-0.0249916
-0.0249892
-0.0249862
-0.0249825
-0.0249778
-0.0249721
-0.024965
-0.0249563
-0.0249456
-0.0249327
-0.0249171
-0.0248983
-0.0248758
-0.024849
-0.0248172
-0.0247797
-0.0247357
-0.0246844
-0.0246247
-0.0245557
-0.0244765
-0.0243858
-0.0242826
-0.0241659
-0.0240344
-0.0238872
-0.0237234
-0.023542
-0.0233422
-0.0231235
-0.0228854
-0.0226277
-0.0223506
-0.0220543
-0.0217395
-0.0214071
-0.0210584
-0.0206951
-0.0203191
-0.0199327
-0.0195386
-0.0191397
-0.0187392
-0.0183407
-0.0179477
-0.0175641
-0.0171939
-0.016841
-0.0165095
-0.0162032
-0.0159258
-0.0156807
-0.0154713
-0.0153003
-0.0151698
-0.0150818
-0.0150376
-0.0150376
-0.0150818
-0.0151698
-0.0153003
-0.0154713
-0.0156807
-0.0159258
-0.0162032
-0.0165095
-0.016841
-0.0171939
-0.0175641
-0.0179477
-0.0183407
-0.0187392
-0.0191397
-0.0195386
-0.0199327
-0.0203191
-0.0206951
-0.0210584
-0.0214071
-0.0217395
-0.0220543
-0.0223506
-0.0226277
-0.0228854
-0.0231235
-0.0233422
-0.023542
-0.0237234
-0.0238872
-0.0240344
-0.0241659
-0.0242826
-0.0243858
-0.0244765
-0.0245557
-0.0246247
-0.0246844
-0.0247357
-0.0247797
-0.0248172
-0.024849
-0.0248758
-0.0248983
-0.0249171
-0.0249327
-0.0249456
-0.0249563
-0.024965
-0.0249721
-0.0249778
-0.0249825
-0.0249862
-0.0249892
-0.0249916
-0.0249935
-0.024995
-0.0249961
-0.024997
-0.0249977
-0.0249983
-0.0249987
-0.024999
-0.0249993
-0.0249995
-0.0249996
-0.0249997
-0.0249998
-0.0249998
-0.0249999
-0.0249999
-0.0249999
-0.025
-0.0216666
-0.0216666
-0.0216666
-0.0216666
-0.0216665
-0.0216665
-0.0216664
-0.0216663
-0.0216662
-0.021666
-0.0216658
-0.0216655
-0.0216652
-0.0216647
-0.0216641
-0.0216633
-0.0216623
-0.021661
-0.0216594
-0.0216573
-0.0216547
-0.0216515
-0.0216475
-0.0216425
-0.0216363
-0.0216288
-0.0216196
-0.0216083
-0.0215948
-0.0215785
-0.021559
-0.0215358
-0.0215082
-0.0214757
-0.0214376
-0.0213931
-0.0213414
-0.0212816
-0.0212129
-0.0211343
-0.0210449
-0.0209437
-0.0208298
-0.0207023
-0.0205603
-0.020403
-0.0202299
-0.0200403
-0.019834
-0.0196107
-0.0193705
-0.0191138
-0.0188409
-0.0185528
-0.0182507
-0.0179358
-0.0176099
-0.017275
-0.0169335
-0.0165877
-0.0162407
-0.0158952
-0.0155546
-0.0152222
-0.0149014
-0.0145956
-0.0143082
-0.0140427
-0.0138023
-0.01359
-0.0134085
-0.0132602
-0.0131472
-0.0130709
-0.0130326
-0.0130326
-0.0130709
-0.0131472
-0.0132602
-0.0134085
-0.01359
-0.0138023
-0.0140427
-0.0143082
-0.0145956
-0.0149014
-0.0152222
-0.0155546
-0.0158952
-0.0162407
-0.0165877
-0.0169335
-0.017275
-0.0176099
-0.0179358
-0.0182507
-0.0185528
-0.0188409
-0.0191138
-0.0193705
-0.0196107
-0.019834
-0.0200403
-0.0202299
-0.020403
-0.0205603
-0.0207023
-0.0208298
-0.0209437
-0.0210449
-0.0211343
-0.0212129
-0.0212816
-0.0213414
-0.0213931
-0.0214376
-0.0214757
-0.0215082
-0.0215358
-0.021559
-0.0215785
-0.0215948
-0.0216083
-0.0216196
-0.0216288
-0.0216363
-0.0216425
-0.0216475
-0.0216515
-0.0216547
-0.0216573
-0.0216594
-0.021661
-0.0216623
-0.0216633
-0.0216641
-0.0216647
-0.0216652
-0.0216655
-0.0216658
-0.021666
-0.0216662
-0.0216663
-0.0216664
-0.0216665
-0.0216665
-0.0216666
-0.0216666
-0.0216666
-0.0216666
-0.0183333
-0.0183333
-0.0183333
-0.0183332
-0.0183332
-0.0183332
-0.0183331
-0.018333
-0.0183329
-0.0183328
-0.0183326
-0.0183324
-0.0183321
-0.0183317
-0.0183312
-0.0183305
-0.0183296
-0.0183285
-0.0183272
-0.0183254
-0.0183232
-0.0183205
-0.0183171
-0.0183129
-0.0183077
-0.0183013
-0.0182935
-0.018284
-0.0182725
-0.0182587
-0.0182422
-0.0182226
-0.0181993
-0.0181718
-0.0181395
-0.0181019
-0.0180581
-0.0180075
-0.0179494
-0.0178829
-0.0178072
-0.0177216
-0.0176252
-0.0175173
-0.0173972
-0.0172641
-0.0171176
-0.0169572
-0.0167826
-0.0165937
-0.0163905
-0.0161732
-0.0159423
-0.0156986
-0.0154429
-0.0151764
-0.0149007
-0.0146173
-0.0143283
-0.0140358
-0.0137421
-0.0134498
-0.0131616
-0.0128803
-0.0126088
-0.0123501
-0.0121069
-0.0118823
-0.0116789
-0.0114992
-0.0113456
-0.0112202
-0.0111245
-0.01106
-0.0110275
-0.0110275
-0.01106
-0.0111245
-0.0112202
-0.0113456
-0.0114992
-0.0116789
-0.0118823
-0.0121069
-0.0123501
-0.0126088
-0.0128803
-0.0131616
-0.0134498
-0.0137421
-0.0140358
-0.0143283
-0.0146173
-0.0149007
-0.0151764
-0.0154429
-0.0156986
-0.0159423
-0.0161732
-0.0163905
-0.0165937
-0.0167826
-0.0169572
-0.0171176
-0.0172641
-0.0173972
-0.0175173
-0.0176252
-0.0177216
-0.0178072
-0.0178829
-0.0179494
-0.0180075
-0.0180581
-0.0181019
-0.0181395
-0.0181718
-0.0181993
-0.0182226
-0.0182422
-0.0182587
-0.0182725
-0.018284
-0.0182935
-0.0183013
-0.0183077
-0.0183129
-0.0183171
-0.0183205
-0.0183232
-0.0183254
-0.0183272
-0.0183285
-0.0183296
-0.0183305
-0.0183312
-0.0183317
-0.0183321
-0.0183324
-0.0183326
-0.0183328
-0.0183329
-0.018333
-0.0183331
-0.0183332
-0.0183332
-0.0183332
-0.0183333
-0.0183333
-0.0183333
-0.015
-0.015
-0.0149999
-0.0149999
-0.0149999
-0.0149999
-0.0149998
-0.0149998
-0.0149997
-0.0149996
-0.0149994
-0.0149992
-0.014999
-0.0149986
-0.0149982
-0.0149977
-0.014997
-0.0149961
-0.014995
-0.0149935
-0.0149917
-0.0149895
-0.0149867
-0.0149833
-0.014979
-0.0149738
-0.0149674
-0.0149596
-0.0149503
-0.014939
-0.0149255
-0.0149094
-0.0148903
-0.0148678
-0.0148414
-0.0148106
-0.0147748
-0.0147334
-0.0146859
-0.0146315
-0.0145696
-0.0144995
-0.0144206
-0.0143323
-0.014234
-0.0141252
-0.0140053
-0.0138741
-0.0137312
-0.0135766
-0.0134104
-0.0132326
-0.0130437
-0.0128443
-0.0126351
-0.0124171
-0.0121915
-0.0119596
-0.0117232
-0.0114838
-0.0112435
-0.0110044
-0.0107686
-0.0105384
-0.0103163
-0.0101046
-0.00990568
-0.00972189
-0.00955545
-0.00940844
-0.00928279
-0.00918015
-0.00910189
-0.00904911
-0.00902253
-0.00902253
-0.00904911
-0.00910189
-0.00918015
-0.00928279
-0.00940844
-0.00955545
-0.00972189
-0.00990568
-0.0101046
-0.0103163
-0.0105384
-0.0107686
-0.0110044
-0.0112435
-0.0114838
-0.0117232
-0.0119596
-0.0121915
-0.0124171
-0.0126351
-0.0128443
-0.0130437
-0.0132326
-0.0134104
-0.0135766
-0.0137312
-0.0138741
-0.0140053
-0.0141252
-0.014234
-0.0143323
-0.0144206
-0.0144995
-0.0145696
-0.0146315
-0.0146859
-0.0147334
-0.0147748
-0.0148106
-0.0148414
-0.0148678
-0.0148903
-0.0149094
-0.0149255
-0.014939
-0.0149503
-0.0149596
-0.0149674
-0.0149738
-0.014979
-0.0149833
-0.0149867
-0.0149895
-0.0149917
-0.0149935
-0.014995
-0.0149961
-0.014997
-0.0149977
-0.0149982
-0.0149986
-0.014999
-0.0149992
-0.0149994
-0.0149996
-0.0149997
-0.0149998
-0.0149998
-0.0149999
-0.0149999
-0.0149999
-0.0149999
-0.015
-0.015
-0.0116667
-0.0116666
-0.0116666
-0.0116666
-0.0116666
-0.0116666
-0.0116665
-0.0116665
-0.0116664
-0.0116663
-0.0116662
-0.0116661
-0.0116659
-0.0116656
-0.0116653
-0.0116649
-0.0116643
-0.0116636
-0.0116627
-0.0116616
-0.0116602
-0.0116585
-0.0116563
-0.0116536
-0.0116503
-0.0116463
-0.0116413
-0.0116353
-0.011628
-0.0116192
-0.0116087
-0.0115962
-0.0115814
-0.0115639
-0.0115433
-0.0115194
-0.0114915
-0.0114593
-0.0114224
-0.01138
-0.0113319
-0.0112774
-0.0112161
-0.0111474
-0.0110709
-0.0109862
-0.010893
-0.0107909
-0.0106798
-0.0105596
-0.0104303
-0.010292
-0.0101451
-0.00998999
-0.00982728
-0.00965773
-0.00948225
-0.00930194
-0.00911802
-0.00893186
-0.00874497
-0.00855898
-0.00837558
-0.00819657
-0.00802381
-0.00785914
-0.00770442
-0.00756147
-0.00743202
-0.00731768
-0.00721995
-0.00714012
-0.00707925
-0.0070382
-0.00701753
-0.00701753
-0.0070382
-0.00707925
-0.00714012
-0.00721995
-0.00731768
-0.00743202
-0.00756147
-0.00770442
-0.00785914
-0.00802381
-0.00819657
-0.00837558
-0.00855898
-0.00874497
-0.00893186
-0.00911802
-0.00930194
-0.00948225
-0.00965773
-0.00982728
-0.00998999
-0.0101451
-0.010292
-0.0104303
-0.0105596
-0.0106798
-0.0107909
-0.010893
-0.0109862
-0.0110709
-0.0111474
-0.0112161
-0.0112774
-0.0113319
-0.01138
-0.0114224
-0.0114593
-0.0114915
-0.0115194
-0.0115433
-0.0115639
-0.0115814
-0.0115962
-0.0116087
-0.0116192
-0.011628
-0.0116353
-0.0116413
-0.0116463
-0.0116503
-0.0116536
-0.0116563
-0.0116585
-0.0116602
-0.0116616
-0.0116627
-0.0116636
-0.0116643
-0.0116649
-0.0116653
-0.0116656
-0.0116659
-0.0116661
-0.0116662
-0.0116663
-0.0116664
-0.0116665
-0.0116665
-0.0116666
-0.0116666
-0.0116666
-0.0116666
-0.0116666
-0.0116667
-0.00833332
-0.00833331
-0.0083333
-0.00833329
-0.00833328
-0.00833326
-0.00833323
-0.0083332
-0.00833315
-0.00833309
-0.00833301
-0.0083329
-0.00833276
-0.00833258
-0.00833234
-0.00833204
-0.00833165
-0.00833116
-0.00833053
-0.00832974
-0.00832874
-0.0083275
-0.00832595
-0.00832403
-0.00832166
-0.00831876
-0.00831521
-0.0083109
-0.0083057
-0.00829943
-0.00829193
-0.00828299
-0.0082724
-0.0082599
-0.00824524
-0.00822812
-0.00820823
-0.00818525
-0.00815882
-0.00812859
-0.0080942
-0.00805528
-0.00801147
-0.00796242
-0.0079078
-0.00784732
-0.00778072
-0.00770782
-0.00762846
-0.00754258
-0.00745021
-0.00735144
-0.00724651
-0.00713571
-0.00701948
-0.00689838
-0.00677304
-0.00664424
-0.00651287
-0.0063799
-0.0062464
-0.00611355
-0.00598256
-0.00585469
-0.00573129
-0.00561367
-0.00550316
-0.00540105
-0.00530858
-0.00522691
-0.00515711
-0.00510008
-0.00505661
-0.00502728
-0.00501252
-0.00501252
-0.00502728
-0.00505661
-0.00510008
-0.00515711
-0.00522691
-0.00530858
-0.00540105
-0.00550316
-0.00561367
-0.00573129
-0.00585469
-0.00598256
-0.00611355
-0.0062464
-0.0063799
-0.00651287
-0.00664424
-0.00677304
-0.00689838
-0.00701948
-0.00713571
-0.00724651
-0.00735144
-0.00745021
-0.00754258
-0.00762846
-0.00770782
-0.00778072
-0.00784732
-0.0079078
-0.00796242
-0.00801147
-0.00805528
-0.0080942
-0.00812859
-0.00815882
-0.00818525
-0.00820823
-0.00822812
-0.00824524
-0.0082599
-0.0082724
-0.00828299
-0.00829193
-0.00829943
-0.0083057
-0.0083109
-0.00831521
-0.00831876
-0.00832166
-0.00832403
-0.00832595
-0.0083275
-0.00832874
-0.00832974
-0.00833053
-0.00833116
-0.00833165
-0.00833204
-0.00833234
-0.00833258
-0.00833276
-0.0083329
-0.00833301
-0.00833309
-0.00833315
-0.0083332
-0.00833323
-0.00833326
-0.00833328
-0.00833329
-0.0083333
-0.00833331
-0.00833332
-0.00499999
-0.00499999
-0.00499998
-0.00499998
-0.00499997
-0.00499996
-0.00499994
-0.00499992
-0.00499989
-0.00499985
-0.0049998
-0.00499974
-0.00499966
-0.00499955
-0.00499941
-0.00499922
-0.00499899
-0.00499869
-0.00499832
-0.00499784
-0.00499725
-0.0049965
-0.00499557
-0.00499442
-0.004993
-0.00499125
-0.00498913
-0.00498654
-0.00498342
-0.00497966
-0.00497516
-0.00496979
-0.00496344
-0.00495594
-0.00494714
-0.00493687
-0.00492494
-0.00491115
-0.00489529
-0.00487716
-0.00485652
-0.00483317
-0.00480688
-0.00477745
-0.00474468
-0.00470839
-0.00466843
-0.00462469
-0.00457707
-0.00452555
-0.00447012
-0.00441087
-0.0043479
-0.00428143
-0.00421169
-0.00413903
-0.00406382
-0.00398654
-0.00390772
-0.00382794
-0.00374784
-0.00366813
-0.00358953
-0.00351282
-0.00343878
-0.0033682
-0.00330189
-0.00324063
-0.00318515
-0.00313615
-0.00309426
-0.00306005
-0.00303396
-0.00301637
-0.00300751
-0.00300751
-0.00301637
-0.00303396
-0.00306005
-0.00309426
-0.00313615
-0.00318515
-0.00324063
-0.00330189
-0.0033682
-0.00343878
-0.00351282
-0.00358953
-0.00366813
-0.00374784
-0.00382794
-0.00390772
-0.00398654
-0.00406382
-0.00413903
-0.00421169
-0.00428143
-0.0043479
-0.00441087
-0.00447012
-0.00452555
-0.00457707
-0.00462469
-0.00466843
-0.00470839
-0.00474468
-0.00477745
-0.00480688
-0.00483317
-0.00485652
-0.00487716
-0.00489529
-0.00491115
-0.00492494
-0.00493687
-0.00494714
-0.00495594
-0.00496344
-0.00496979
-0.00497516
-0.00497966
-0.00498342
-0.00498654
-0.00498913
-0.00499125
-0.004993
-0.00499442
-0.00499557
-0.0049965
-0.00499725
-0.00499784
-0.00499832
-0.00499869
-0.00499899
-0.00499922
-0.00499941
-0.00499955
-0.00499966
-0.00499974
-0.0049998
-0.00499985
-0.00499989
-0.00499992
-0.00499994
-0.00499996
-0.00499997
-0.00499998
-0.00499998
-0.00499999
-0.00499999
-0.00166666
-0.00166666
-0.00166666
-0.00166666
-0.00166666
-0.00166665
-0.00166665
-0.00166664
-0.00166663
-0.00166662
-0.0016666
-0.00166658
-0.00166655
-0.00166652
-0.00166647
-0.00166641
-0.00166633
-0.00166623
-0.00166611
-0.00166595
-0.00166575
-0.0016655
-0.00166519
-0.00166481
-0.00166433
-0.00166375
-0.00166304
-0.00166218
-0.00166114
-0.00165989
-0.00165839
-0.0016566
-0.00165448
-0.00165198
-0.00164905
-0.00164562
-0.00164165
-0.00163705
-0.00163176
-0.00162572
-0.00161884
-0.00161106
-0.00160229
-0.00159248
-0.00158156
-0.00156946
-0.00155614
-0.00154156
-0.00152569
-0.00150852
-0.00149004
-0.00147029
-0.0014493
-0.00142714
-0.0014039
-0.00137968
-0.00135461
-0.00132885
-0.00130257
-0.00127598
-0.00124928
-0.00122271
-0.00119651
-0.00117094
-0.00114626
-0.00112273
-0.00110063
-0.00108021
-0.00106172
-0.00104538
-0.00103142
-0.00102002
-0.00101132
-0.00100546
-0.0010025
-0.0010025
-0.00100546
-0.00101132
-0.00102002
-0.00103142
-0.00104538
-0.00106172
-0.00108021
-0.00110063
-0.00112273
-0.00114626
-0.00117094
-0.00119651
-0.00122271
-0.00124928
-0.00127598
-0.00130257
-0.00132885
-0.00135461
-0.00137968
-0.0014039
-0.00142714
-0.0014493
-0.00147029
-0.00149004
-0.00150852
-0.00152569
-0.00154156
-0.00155614
-0.00156946
-0.00158156
-0.00159248
-0.00160229
-0.00161106
-0.00161884
-0.00162572
-0.00163176
-0.00163705
-0.00164165
-0.00164562
-0.00164905
-0.00165198
-0.00165448
-0.0016566
-0.00165839
-0.00165989
-0.00166114
-0.00166218
-0.00166304
-0.00166375
-0.00166433
-0.00166481
-0.00166519
-0.0016655
-0.00166575
-0.00166595
-0.00166611
-0.00166623
-0.00166633
-0.00166641
-0.00166647
-0.00166652
-0.00166655
-0.00166658
-0.0016666
-0.00166662
-0.00166663
-0.00166664
-0.00166665
-0.00166665
-0.00166666
-0.00166666
-0.00166666
-0.00166666
-0.00166666
0.00166666
0.00166666
0.00166666
0.00166666
0.00166666
0.00166665
0.00166665
0.00166664
0.00166663
0.00166662
0.0016666
0.00166658
0.00166655
0.00166652
0.00166647
0.00166641
0.00166633
0.00166623
0.00166611
0.00166595
0.00166575
0.0016655
0.00166519
0.00166481
0.00166433
0.00166375
0.00166304
0.00166218
0.00166114
0.00165989
0.00165839
0.0016566
0.00165448
0.00165198
0.00164905
0.00164562
0.00164165
0.00163705
0.00163176
0.00162572
0.00161884
0.00161106
0.00160229
0.00159248
0.00158156
0.00156946
0.00155614
0.00154156
0.00152569
0.00150852
0.00149004
0.00147029
0.0014493
0.00142714
0.0014039
0.00137968
0.00135461
0.00132885
0.00130257
0.00127598
0.00124928
0.00122271
0.00119651
0.00117094
0.00114626
0.00112273
0.00110063
0.00108021
0.00106172
0.00104538
0.00103142
0.00102002
0.00101132
0.00100546
0.0010025
0.0010025
0.00100546
0.00101132
0.00102002
0.00103142
0.00104538
0.00106172
0.00108021
0.00110063
0.00112273
0.00114626
0.00117094
0.00119651
0.00122271
0.00124928
0.00127598
0.00130257
0.00132885
0.00135461
0.00137968
0.0014039
0.00142714
0.0014493
0.00147029
0.00149004
0.00150852
0.00152569
0.00154156
0.00155614
0.00156946
0.00158156
0.00159248
0.00160229
0.00161106
0.00161884
0.00162572
0.00163176
0.00163705
0.00164165
0.00164562
0.00164905
0.00165198
0.00165448
0.0016566
0.00165839
0.00165989
0.00166114
0.00166218
0.00166304
0.00166375
0.00166433
0.00166481
0.00166519
0.0016655
0.00166575
0.00166595
0.00166611
0.00166623
0.00166633
0.00166641
0.00166647
0.00166652
0.00166655
0.00166658
0.0016666
0.00166662
0.00166663
0.00166664
0.00166665
0.00166665
0.00166666
0.00166666
0.00166666
0.00166666
0.00166666
0.00499999
0.00499999
0.00499998
0.00499998
0.00499997
0.00499996
0.00499994
0.00499992
0.00499989
0.00499985
0.0049998
0.00499974
0.00499966
0.00499955
0.00499941
0.00499922
0.00499899
0.00499869
0.00499832
0.00499784
0.00499725
0.0049965
0.00499557
0.00499442
0.004993
0.00499125
0.00498913
0.00498654
0.00498342
0.00497966
0.00497516
0.00496979
0.00496344
0.00495594
0.00494714
0.00493687
0.00492494
0.00491115
0.00489529
0.00487716
0.00485652
0.00483317
0.00480688
0.00477745
0.00474468
0.00470839
0.00466843
0.00462469
0.00457707
0.00452555
0.00447012
0.00441087
0.0043479
0.00428143
0.00421169
0.00413903
0.00406382
0.00398654
0.00390772
0.00382794
0.00374784
0.00366813
0.00358953
0.00351282
0.00343878
0.0033682
0.00330189
0.00324063
0.00318515
0.00313615
0.00309426
0.00306005
0.00303396
0.00301637
0.00300751
0.00300751
0.00301637
0.00303396
0.00306005
0.00309426
0.00313615
0.00318515
0.00324063
0.00330189
0.0033682
0.00343878
0.00351282
0.00358953
0.00366813
0.00374784
0.00382794
0.00390772
0.00398654
0.00406382
0.00413903
0.00421169
0.00428143
0.0043479
0.00441087
0.00447012
0.00452555
0.00457707
0.00462469
0.00466843
0.00470839
0.00474468
0.00477745
0.00480688
0.00483317
0.00485652
0.00487716
0.00489529
0.00491115
0.00492494
0.00493687
0.00494714
0.00495594
0.00496344
0.00496979
0.00497516
0.00497966
0.00498342
0.00498654
0.00498913
0.00499125
0.004993
0.00499442
0.00499557
0.0049965
0.00499725
0.00499784
0.00499832
0.00499869
0.00499899
0.00499922
0.00499941
0.00499955
0.00499966
0.00499974
0.0049998
0.00499985
0.00499989
0.00499992
0.00499994
0.00499996
0.00499997
0.00499998
0.00499998
0.00499999
0.00499999
0.00833332
0.00833331
0.0083333
0.00833329
0.00833328
0.00833326
0.00833323
0.0083332
0.00833315
0.00833309
0.00833301
0.0083329
0.00833276
0.00833258
0.00833234
0.00833204
0.00833165
0.00833116
0.00833053
0.00832974
0.00832874
0.0083275
0.00832595
0.00832403
0.00832166
0.00831876
0.00831521
0.0083109
0.0083057
0.00829943
0.00829193
0.00828299
0.0082724
0.0082599
0.00824524
0.00822812
0.00820823
0.00818525
0.00815882
0.00812859
0.0080942
0.00805528
0.00801147
0.00796242
0.0079078
0.00784732
0.00778072
0.00770782
0.00762846
0.00754258
0.00745021
0.00735144
0.00724651
0.00713571
0.00701948
0.00689838
0.00677304
0.00664424
0.00651287
0.0063799
0.0062464
0.00611355
0.00598256
0.00585469
0.00573129
0.00561367
0.00550316
0.00540105
0.00530858
0.00522691
0.00515711
0.00510008
0.00505661
0.00502728
0.00501252
0.00501252
0.00502728
0.00505661
0.00510008
0.00515711
0.00522691
0.00530858
0.00540105
0.00550316
0.00561367
0.00573129
0.00585469
0.00598256
0.00611355
0.0062464
0.0063799
0.00651287
0.00664424
0.00677304
0.00689838
0.00701948
0.00713571
0.00724651
0.00735144
0.00745021
0.00754258
0.00762846
0.00770782
0.00778072
0.00784732
0.0079078
0.00796242
0.00801147
0.00805528
0.0080942
0.00812859
0.00815882
0.00818525
0.00820823
0.00822812
0.00824524
0.0082599
0.0082724
0.00828299
0.00829193
0.00829943
0.0083057
0.0083109
0.00831521
0.00831876
0.00832166
0.00832403
0.00832595
0.0083275
0.00832874
0.00832974
0.00833053
0.00833116
0.00833165
0.00833204
0.00833234
0.00833258
0.00833276
0.0083329
0.00833301
0.00833309
0.00833315
0.0083332
0.00833323
0.00833326
0.00833328
0.00833329
0.0083333
0.00833331
0.00833332
0.0116667
0.0116666
0.0116666
0.0116666
0.0116666
0.0116666
0.0116665
0.0116665
0.0116664
0.0116663
0.0116662
0.0116661
0.0116659
0.0116656
0.0116653
0.0116649
0.0116643
0.0116636
0.0116627
0.0116616
0.0116602
0.0116585
0.0116563
0.0116536
0.0116503
0.0116463
0.0116413
0.0116353
0.011628
0.0116192
0.0116087
0.0115962
0.0115814
0.0115639
0.0115433
0.0115194
0.0114915
0.0114593
0.0114224
0.01138
0.0113319
0.0112774
0.0112161
0.0111474
0.0110709
0.0109862
0.010893
0.0107909
0.0106798
0.0105596
0.0104303
0.010292
0.0101451
0.00998999
0.00982728
0.00965773
0.00948225
0.00930194
0.00911802
0.00893186
0.00874497
0.00855898
0.00837558
0.00819657
0.00802381
0.00785914
0.00770442
0.00756147
0.00743202
0.00731768
0.00721995
0.00714012
0.00707925
0.0070382
0.00701753
0.00701753
0.0070382
0.00707925
0.00714012
0.00721995
0.00731768
0.00743202
0.00756147
0.00770442
0.00785914
0.00802381
0.00819657
0.00837558
0.00855898
0.00874497
0.00893186
0.00911802
0.00930194
0.00948225
0.00965773
0.00982728
0.00998999
0.0101451
0.010292
0.0104303
0.0105596
0.0106798
0.0107909
0.010893
0.0109862
0.0110709
0.0111474
0.0112161
0.0112774
0.0113319
0.01138
0.0114224
0.0114593
0.0114915
0.0115194
0.0115433
0.0115639
0.0115814
0.0115962
0.0116087
0.0116192
0.011628
0.0116353
0.0116413
0.0116463
0.0116503
0.0116536
0.0116563
0.0116585
0.0116602
0.0116616
0.0116627
0.0116636
0.0116643
0.0116649
0.0116653
0.0116656
0.0116659
0.0116661
0.0116662
0.0116663
0.0116664
0.0116665
0.0116665
0.0116666
0.0116666
0.0116666
0.0116666
0.0116666
0.0116667
0.015
0.015
0.0149999
0.0149999
0.0149999
0.0149999
0.0149998
0.0149998
0.0149997
0.0149996
0.0149994
0.0149992
0.014999
0.0149986
0.0149982
0.0149977
0.014997
0.0149961
0.014995
0.0149935
0.0149917
0.0149895
0.0149867
0.0149833
0.014979
0.0149738
0.0149674
0.0149596
0.0149503
0.014939
0.0149255
0.0149094
0.0148903
0.0148678
0.0148414
0.0148106
0.0147748
0.0147334
0.0146859
0.0146315
0.0145696
0.0144995
0.0144206
0.0143323
0.014234
0.0141252
0.0140053
0.0138741
0.0137312
0.0135766
0.0134104
0.0132326
0.0130437
0.0128443
0.0126351
0.0124171
0.0121915
0.0119596
0.0117232
0.0114838
0.0112435
0.0110044
0.0107686
0.0105384
0.0103163
0.0101046
0.00990568
0.00972189
0.00955545
0.00940844
0.00928279
0.00918015
0.00910189
0.00904911
0.00902253
0.00902253
0.00904911
0.00910189
0.00918015
0.00928279
0.00940844
0.00955545
0.00972189
0.00990568
0.0101046
0.0103163
0.0105384
0.0107686
0.0110044
0.0112435
0.0114838
0.0117232
0.0119596
0.0121915
0.0124171
0.0126351
0.0128443
0.0130437
0.0132326
0.0134104
0.0135766
0.0137312
0.0138741
0.0140053
0.0141252
0.014234
0.0143323
0.0144206
0.0144995
0.0145696
0.0146315
0.0146859
0.0147334
0.0147748
0.0148106
0.0148414
0.0148678
0.0148903
0.0149094
0.0149255
0.014939
0.0149503
0.0149596
0.0149674
0.0149738
0.014979
0.0149833
0.0149867
0.0149895
0.0149917
0.0149935
0.014995
0.0149961
0.014997
0.0149977
0.0149982
0.0149986
0.014999
0.0149992
0.0149994
0.0149996
0.0149997
0.0149998
0.0149998
0.0149999
0.0149999
0.0149999
0.0149999
0.015
0.015
0.0183333
0.0183333
0.0183333
0.0183332
0.0183332
0.0183332
0.0183331
0.018333
0.0183329
0.0183328
0.0183326
0.0183324
0.0183321
0.0183317
0.0183312
0.0183305
0.0183296
0.0183285
0.0183272
0.0183254
0.0183232
0.0183205
0.0183171
0.0183129
0.0183077
0.0183013
0.0182935
0.018284
0.0182725
0.0182587
0.0182422
0.0182226
0.0181993
0.0181718
0.0181395
0.0181019
0.0180581
0.0180075
0.0179494
0.0178829
0.0178072
0.0177216
0.0176252
0.0175173
0.0173972
0.0172641
0.0171176
0.0169572
0.0167826
0.0165937
0.0163905
0.0161732
0.0159423
0.0156986
0.0154429
0.0151764
0.0149007
0.0146173
0.0143283
0.0140358
0.0137421
0.0134498
0.0131616
0.0128803
0.0126088
0.0123501
0.0121069
0.0118823
0.0116789
0.0114992
0.0113456
0.0112202
0.0111245
0.01106
0.0110275
0.0110275
0.01106
0.0111245
0.0112202
0.0113456
0.0114992
0.0116789
0.0118823
0.0121069
0.0123501
0.0126088
0.0128803
0.0131616
0.0134498
0.0137421
0.0140358
0.0143283
0.0146173
0.0149007
0.0151764
0.0154429
0.0156986
0.0159423
0.0161732
0.0163905
0.0165937
0.0167826
0.0169572
0.0171176
0.0172641
0.0173972
0.0175173
0.0176252
0.0177216
0.0178072
0.0178829
0.0179494
0.0180075
0.0180581
0.0181019
0.0181395
0.0181718
0.0181993
0.0182226
0.0182422
0.0182587
0.0182725
0.018284
0.0182935
0.0183013
0.0183077
0.0183129
0.0183171
0.0183205
0.0183232
0.0183254
0.0183272
0.0183285
0.0183296
0.0183305
0.0183312
0.0183317
0.0183321
0.0183324
0.0183326
0.0183328
0.0183329
0.018333
0.0183331
0.0183332
0.0183332
0.0183332
0.0183333
0.0183333
0.0183333
0.0216666
0.0216666
0.0216666
0.0216666
0.0216665
0.0216665
0.0216664
0.0216663
0.0216662
0.021666
0.0216658
0.0216655
0.0216652
0.0216647
0.0216641
0.0216633
0.0216623
0.021661
0.0216594
0.0216573
0.0216547
0.0216515
0.0216475
0.0216425
0.0216363
0.0216288
0.0216196
0.0216083
0.0215948
0.0215785
0.021559
0.0215358
0.0215082
0.0214757
0.0214376
0.0213931
0.0213414
0.0212816
0.0212129
0.0211343
0.0210449
0.0209437
0.0208298
0.0207023
0.0205603
0.020403
0.0202299
0.0200403
0.019834
0.0196107
0.0193705
0.0191138
0.0188409
0.0185528
0.0182507
0.0179358
0.0176099
0.017275
0.0169335
0.0165877
0.0162407
0.0158952
0.0155546
0.0152222
0.0149014
0.0145956
0.0143082
0.0140427
0.0138023
0.01359
0.0134085
0.0132602
0.0131472
0.0130709
0.0130326
0.0130326
0.0130709
0.0131472
0.0132602
0.0134085
0.01359
0.0138023
0.0140427
0.0143082
0.0145956
0.0149014
0.0152222
0.0155546
0.0158952
0.0162407
0.0165877
0.0169335
0.017275
0.0176099
0.0179358
0.0182507
0.0185528
0.0188409
0.0191138
0.0193705
0.0196107
0.019834
0.0200403
0.0202299
0.020403
0.0205603
0.0207023
0.0208298
0.0209437
0.0210449
0.0211343
0.0212129
0.0212816
0.0213414
0.0213931
0.0214376
0.0214757
0.0215082
0.0215358
0.021559
0.0215785
0.0215948
0.0216083
0.0216196
0.0216288
0.0216363
0.0216425
0.0216475
0.0216515
0.0216547
0.0216573
0.0216594
0.021661
0.0216623
0.0216633
0.0216641
0.0216647
0.0216652
0.0216655
0.0216658
0.021666
0.0216662
0.0216663
0.0216664
0.0216665
0.0216665
0.0216666
0.0216666
0.0216666
0.0216666
0.025
0.0249999
0.0249999
0.0249999
0.0249998
0.0249998
0.0249997
0.0249996
0.0249995
0.0249993
0.024999
0.0249987
0.0249983
0.0249977
0.024997
0.0249961
0.024995
0.0249935
0.0249916
0.0249892
0.0249862
0.0249825
0.0249778
0.0249721
0.024965
0.0249563
0.0249456
0.0249327
0.0249171
0.0248983
0.0248758
0.024849
0.0248172
0.0247797
0.0247357
0.0246844
0.0246247
0.0245557
0.0244765
0.0243858
0.0242826
0.0241659
0.0240344
0.0238872
0.0237234
0.023542
0.0233422
0.0231235
0.0228854
0.0226277
0.0223506
0.0220543
0.0217395
0.0214071
0.0210584
0.0206951
0.0203191
0.0199327
0.0195386
0.0191397
0.0187392
0.0183407
0.0179477
0.0175641
0.0171939
0.016841
0.0165095
0.0162032
0.0159258
0.0156807
0.0154713
0.0153003
0.0151698
0.0150818
0.0150376
0.0150376
0.0150818
0.0151698
0.0153003
0.0154713
0.0156807
0.0159258
0.0162032
0.0165095
0.016841
0.0171939
0.0175641
0.0179477
0.0183407
0.0187392
0.0191397
0.0195386
0.0199327
0.0203191
0.0206951
0.0210584
0.0214071
0.0217395
0.0220543
0.0223506
0.0226277
0.0228854
0.0231235
0.0233422
0.023542
0.0237234
0.0238872
0.0240344
0.0241659
0.0242826
0.0243858
0.0244765
0.0245557
0.0246247
0.0246844
0.0247357
0.0247797
0.0248172
0.024849
0.0248758
0.0248983
0.0249171
0.0249327
0.0249456
0.0249563
0.024965
0.0249721
0.0249778
0.0249825
0.0249862
0.0249892
0.0249916
0.0249935
0.024995
0.0249961
0.024997
0.0249977
0.0249983
0.0249987
0.024999
0.0249993
0.0249995
0.0249996
0.0249997
0.0249998
0.0249998
0.0249999
0.0249999
0.0249999
0.025
0.0283333
0.0283333
0.0283332
0.0283332
0.0283332
0.0283331
0.028333
0.0283329
0.0283327
0.0283325
0.0283322
0.0283319
0.0283314
0.0283308
0.02833
0.0283289
0.0283276
0.0283259
0.0283238
0.0283211
0.0283177
0.0283135
0.0283082
0.0283017
0.0282936
0.0282838
0.0282717
0.0282571
0.0282394
0.0282181
0.0281926
0.0281622
0.0281262
0.0280837
0.0280338
0.0279756
0.027908
0.0278298
0.02774
0.0276372
0.0275203
0.027388
0.027239
0.0270722
0.0268865
0.0266809
0.0264545
0.0262066
0.0259368
0.0256448
0.0253307
0.0249949
0.0246381
0.0242614
0.0238662
0.0234545
0.0230283
0.0225904
0.0221438
0.0216917
0.0212378
0.0207861
0.0203407
0.019906
0.0194864
0.0190865
0.0187107
0.0183636
0.0180492
0.0177715
0.0175342
0.0173403
0.0171925
0.0170928
0.0170426
0.0170426
0.0170928
0.0171925
0.0173403
0.0175342
0.0177715
0.0180492
0.0183636
0.0187107
0.0190865
0.0194864
0.019906
0.0203407
0.0207861
0.0212378
0.0216917
0.0221438
0.0225904
0.0230283
0.0234545
0.0238662
0.0242614
0.0246381
0.0249949
0.0253307
0.0256448
0.0259368
0.0262066
0.0264545
0.0266809
0.0268865
0.0270722
0.027239
0.027388
0.0275203
0.0276372
0.02774
0.0278298
0.027908
0.0279756
0.0280338
0.0280837
0.0281262
0.0281622
0.0281926
0.0282181
0.0282394
0.0282571
0.0282717
0.0282838
0.0282936
0.0283017
0.0283082
0.0283135
0.0283177
0.0283211
0.0283238
0.0283259
0.0283276
0.0283289
0.02833
0.0283308
0.0283314
0.0283319
0.0283322
0.0283325
0.0283327
0.0283329
0.028333
0.0283331
0.0283332
0.0283332
0.0283332
0.0283333
0.0283333
0.0316666
0.0316666
0.0316666
0.0316665
0.0316665
0.0316664
0.0316663
0.0316662
0.031666
0.0316657
0.0316654
0.031665
0.0316645
0.0316638
0.0316629
0.0316618
0.0316603
0.0316584
0.031656
0.031653
0.0316492
0.0316445
0.0316386
0.0316313
0.0316223
0.0316113
0.0315978
0.0315814
0.0315616
0.0315378
0.0315093
0.0314754
0.0314351
0.0313876
0.0313319
0.0312669
0.0311913
0.0311039
0.0310035
0.0308887
0.030758
0.0306101
0.0304436
0.0302572
0.0300496
0.0298198
0.0295668
0.0292897
0.0289881
0.0286618
0.0283108
0.0279355
0.0275367
0.0271157
0.026674
0.0262138
0.0257375
0.0252481
0.0247489
0.0242436
0.0237363
0.0232315
0.0227337
0.0222478
0.0217789
0.021332
0.020912
0.020524
0.0201726
0.0198623
0.019597
0.0193803
0.0192151
0.0191037
0.0190476
0.0190476
0.0191037
0.0192151
0.0193803
0.019597
0.0198623
0.0201726
0.020524
0.020912
0.021332
0.0217789
0.0222478
0.0227337
0.0232315
0.0237363
0.0242436
0.0247489
0.0252481
0.0257375
0.0262138
0.026674
0.0271157
0.0275367
0.0279355
0.0283108
0.0286618
0.0289881
0.0292897
0.0295668
0.0298198
0.0300496
0.0302572
0.0304436
0.0306101
0.030758
0.0308887
0.0310035
0.0311039
0.0311913
0.0312669
0.0313319
0.0313876
0.0314351
0.0314754
0.0315093
0.0315378
0.0315616
0.0315814
0.0315978
0.0316113
0.0316223
0.0316313
0.0316386
0.0316445
0.0316492
0.031653
0.031656
0.0316584
0.0316603
0.0316618
0.0316629
0.0316638
0.0316645
0.031665
0.0316654
0.0316657
0.031666
0.0316662
0.0316663
0.0316664
0.0316665
0.0316665
0.0316666
0.0316666
0.0316666
0.035
0.0349999
0.0349999
0.0349998
0.0349998
0.0349997
0.0349996
0.0349994
0.0349992
0.034999
0.0349986
0.0349982
0.0349976
0.0349968
0.0349958
0.0349946
0.0349929
0.0349909
0.0349882
0.0349849
0.0349807
0.0349755
0.034969
0.0349609
0.034951
0.0349388
0.0349239
0.0349058
0.0348839
0.0348576
0.0348261
0.0347886
0.0347441
0.0346916
0.03463
0.0345581
0.0344746
0.034378
0.0342671
0.0341401
0.0339957
0.0338322
0.0336482
0.0334421
0.0332128
0.0329587
0.032679
0.0323728
0.0320395
0.0316788
0.0312909
0.0308761
0.0304353
0.02997
0.0294818
0.0289732
0.0284468
0.0279058
0.0273541
0.0267956
0.0262349
0.0256769
0.0251267
0.0245897
0.0240714
0.0235774
0.0231133
0.0226844
0.0222961
0.021953
0.0216599
0.0214204
0.0212377
0.0211146
0.0210526
0.0210526
0.0211146
0.0212377
0.0214204
0.0216599
0.021953
0.0222961
0.0226844
0.0231133
0.0235774
0.0240714
0.0245897
0.0251267
0.0256769
0.0262349
0.0267956
0.0273541
0.0279058
0.0284468
0.0289732
0.0294818
0.02997
0.0304353
0.0308761
0.0312909
0.0316788
0.0320395
0.0323728
0.032679
0.0329587
0.0332128
0.0334421
0.0336482
0.0338322
0.0339957
0.0341401
0.0342671
0.034378
0.0344746
0.0345581
0.03463
0.0346916
0.0347441
0.0347886
0.0348261
0.0348576
0.0348839
0.0349058
0.0349239
0.0349388
0.034951
0.0349609
0.034969
0.0349755
0.0349807
0.0349849
0.0349882
0.0349909
0.0349929
0.0349946
0.0349958
0.0349968
0.0349976
0.0349982
0.0349986
0.034999
0.0349992
0.0349994
0.0349996
0.0349997
0.0349998
0.0349998
0.0349999
0.0349999
0.035
0.0383333
0.0383332
0.0383332
0.0383332
0.0383331
0.038333
0.0383329
0.0383327
0.0383325
0.0383322
0.0383318
0.0383313
0.0383307
0.0383299
0.0383288
0.0383274
0.0383256
0.0383233
0.0383204
0.0383168
0.0383122
0.0383065
0.0382994
0.0382905
0.0382796
0.0382663
0.03825
0.0382302
0.0382062
0.0381774
0.0381429
0.0381018
0.038053
0.0379956
0.0379281
0.0378494
0.0377579
0.0376521
0.0375306
0.0373915
0.0372333
0.0370543
0.0368528
0.0366271
0.0363759
0.0360977
0.0357913
0.035456
0.0350909
0.0346959
0.0342709
0.0338166
0.0333339
0.0328243
0.0322896
0.0317325
0.031156
0.0305635
0.0299592
0.0293475
0.0287335
0.0281223
0.0275198
0.0269316
0.026364
0.0258229
0.0253145
0.0248448
0.0244195
0.0240438
0.0237227
0.0234604
0.0232604
0.0231255
0.0230576
0.0230576
0.0231255
0.0232604
0.0234604
0.0237227
0.0240438
0.0244195
0.0248448
0.0253145
0.0258229
0.026364
0.0269316
0.0275198
0.0281223
0.0287335
0.0293475
0.0299592
0.0305635
0.031156
0.0317325
0.0322896
0.0328243
0.0333339
0.0338166
0.0342709
0.0346959
0.0350909
0.035456
0.0357913
0.0360977
0.0363759
0.0366271
0.0368528
0.0370543
0.0372333
0.0373915
0.0375306
0.0376521
0.0377579
0.0378494
0.0379281
0.0379956
0.038053
0.0381018
0.0381429
0.0381774
0.0382062
0.0382302
0.03825
0.0382663
0.0382796
0.0382905
0.0382994
0.0383065
0.0383122
0.0383168
0.0383204
0.0383233
0.0383256
0.0383274
0.0383288
0.0383299
0.0383307
0.0383313
0.0383318
0.0383322
0.0383325
0.0383327
0.0383329
0.038333
0.0383331
0.0383332
0.0383332
0.0383332
0.0383333
0.0416666
0.0416666
0.0416665
0.0416665
0.0416664
0.0416663
0.0416662
0.041666
0.0416658
0.0416654
0.041665
0.0416645
0.0416638
0.0416629
0.0416617
0.0416602
0.0416583
0.0416558
0.0416527
0.0416487
0.0416437
0.0416375
0.0416297
0.0416201
0.0416083
0.0415938
0.0415761
0.0415545
0.0415285
0.0414972
0.0414596
0.041415
0.041362
0.0412995
0.0412262
0.0411406
0.0410412
0.0409262
0.0407941
0.040643
0.040471
0.0402764
0.0400573
0.0398121
0.039539
0.0392366
0.0389036
0.0385391
0.0381423
0.0377129
0.037251
0.0367572
0.0362325
0.0356785
0.0350974
0.0344919
0.0338652
0.0332212
0.0325644
0.0318995
0.031232
0.0305678
0.0299128
0.0292735
0.0286565
0.0280684
0.0275158
0.0270053
0.0265429
0.0261346
0.0257855
0.0255004
0.025283
0.0251364
0.0250626
0.0250626
0.0251364
0.025283
0.0255004
0.0257855
0.0261346
0.0265429
0.0270053
0.0275158
0.0280684
0.0286565
0.0292735
0.0299128
0.0305678
0.031232
0.0318995
0.0325644
0.0332212
0.0338652
0.0344919
0.0350974
0.0356785
0.0362325
0.0367572
0.037251
0.0377129
0.0381423
0.0385391
0.0389036
0.0392366
0.039539
0.0398121
0.0400573
0.0402764
0.040471
0.040643
0.0407941
0.0409262
0.0410412
0.0411406
0.0412262
0.0412995
0.041362
0.041415
0.0414596
0.0414972
0.0415285
0.0415545
0.0415761
0.0415938
0.0416083
0.0416201
0.0416297
0.0416375
0.0416437
0.0416487
0.0416527
0.0416558
0.0416583
0.0416602
0.0416617
0.0416629
0.0416638
0.0416645
0.041665
0.0416654
0.0416658
0.041666
0.0416662
0.0416663
0.0416664
0.0416665
0.0416665
0.0416666
0.0416666
0.045
0.0449999
0.0449998
0.0449998
0.0449997
0.0449996
0.0449995
0.0449993
0.044999
0.0449987
0.0449982
0.0449977
0.0449969
0.0449959
0.0449947
0.044993
0.0449909
0.0449883
0.0449849
0.0449806
0.0449752
0.0449685
0.0449601
0.0449498
0.044937
0.0449213
0.0449021
0.0448789
0.0448508
0.0448169
0.0447764
0.0447281
0.044671
0.0446035
0.0445243
0.0444319
0.0443245
0.0442003
0.0440576
0.0438944
0.0437087
0.0434985
0.0432619
0.042997
0.0427021
0.0423755
0.0420159
0.0416222
0.0411937
0.0407299
0.0402311
0.0396978
0.0391311
0.0385328
0.0379052
0.0372512
0.0365744
0.0358789
0.0351695
0.0344515
0.0337306
0.0330132
0.0323058
0.0316153
0.030949
0.0303138
0.029717
0.0291657
0.0286664
0.0282253
0.0278484
0.0275405
0.0273057
0.0271473
0.0270676
0.0270676
0.0271473
0.0273057
0.0275405
0.0278484
0.0282253
0.0286664
0.0291657
0.029717
0.0303138
0.030949
0.0316153
0.0323058
0.0330132
0.0337306
0.0344515
0.0351695
0.0358789
0.0365744
0.0372512
0.0379052
0.0385328
0.0391311
0.0396978
0.0402311
0.0407299
0.0411937
0.0416222
0.0420159
0.0423755
0.0427021
0.042997
0.0432619
0.0434985
0.0437087
0.0438944
0.0440576
0.0442003
0.0443245
0.0444319
0.0445243
0.0446035
0.044671
0.0447281
0.0447764
0.0448169
0.0448508
0.0448789
0.0449021
0.0449213
0.044937
0.0449498
0.0449601
0.0449685
0.0449752
0.0449806
0.0449849
0.0449883
0.0449909
0.044993
0.0449947
0.0449959
0.0449969
0.0449977
0.0449982
0.0449987
0.044999
0.0449993
0.0449995
0.0449996
0.0449997
0.0449998
0.0449998
0.0449999
0.045
0.0483333
0.0483332
0.0483332
0.0483331
0.048333
0.0483329
0.0483328
0.0483325
0.0483323
0.0483319
0.0483314
0.0483308
0.04833
0.048329
0.0483276
0.0483258
0.0483236
0.0483207
0.0483171
0.0483125
0.0483067
0.0482995
0.0482905
0.0482794
0.0482656
0.0482488
0.0482282
0.0482032
0.048173
0.0481367
0.0480932
0.0480413
0.0479799
0.0479074
0.0478224
0.0477231
0.0476077
0.0474744
0.0473212
0.0471458
0.0469464
0.0467206
0.0464665
0.046182
0.0458652
0.0455144
0.0451282
0.0447053
0.0442451
0.043747
0.0432112
0.0426384
0.0420297
0.0413871
0.040713
0.0400106
0.0392836
0.0385366
0.0377747
0.0370034
0.0362291
0.0354586
0.0346988
0.0339572
0.0332415
0.0325593
0.0319183
0.0313261
0.0307898
0.0303161
0.0299112
0.0295805
0.0293283
0.0291582
0.0290726
0.0290726
0.0291582
0.0293283
0.0295805
0.0299112
0.0303161
0.0307898
0.0313261
0.0319183
0.0325593
0.0332415
0.0339572
0.0346988
0.0354586
0.0362291
0.0370034
0.0377747
0.0385366
0.0392836
0.0400106
0.040713
0.0413871
0.0420297
0.0426384
0.0432112
0.043747
0.0442451
0.0447053
0.0451282
0.0455144
0.0458652
0.046182
0.0464665
0.0467206
0.0469464
0.0471458
0.0473212
0.0474744
0.0476077
0.0477231
0.0478224
0.0479074
0.0479799
0.0480413
0.0480932
0.0481367
0.048173
0.0482032
0.0482282
0.0482488
0.0482656
0.0482794
0.0482905
0.0482995
0.0483067
0.0483125
0.0483171
0.0483207
0.0483236
0.0483258
0.0483276
0.048329
0.04833
0.0483308
0.0483314
0.0483319
0.0483323
0.0483325
0.0483328
0.0483329
0.048333
0.0483331
0.0483332
0.0483332
0.0483333
